0
0
0.306852819440054
0.0945348918918357
0.0456512608815522
0.0268564486857907
0.491573864105278
0.306852819440054
0.0945348918918357
0.0456512608815522
0.0268564486857907
0.0176784432060453
0.504089850944686
0.0301944300454542
0.0218417370720294
0.0165427145762376
0.0129675597969001
0.0104404156489579
0.228117875649291
0.0218417370720294
0.0165427145762376
0.0129675597969001
0.0104404156489579
0.228117875649291
0.0118781597749305
0.0100034443486159
0.00854143037076938
0.00737895024007429
0.00643922365427585
0.00566863928447958
0.149281387697979
0.0118781597749305
0.0100034443486159
0.00854143037076938
0.00737895024007429
0.146127937840884
0.00636711260047917
0.00570157024748852
0.00513548665981745
0.00464993525825719
0.00423029714920631
0.00386513346504813
0.110822667518583
0.00810433922609377
0.00715697356975653
0.00636711260047917
0.00570157024748852
0.107277279190974
0.00426659880629643
0.00393320878875869
0.0036375282409935
0.00337406303960819
0.0871045055360113
0.00613826954352703
0.00556858170902785
0.00507496929561313
0.00464442031176304
0.00426659880629643
0.00393320878875869
0.0859797880806568
0.00364765290477465
0.00340478375933628
0.00318545804650228
0.00298671997612132
0.0028060646358341
0.00264135771517715
0.0724261999900051
0.00421873518602212
0.00391757354993416
0.00364765290477465
0.00340478375933628
0.00318545804650228
0.0712880648507479
0.00283107452891329
0.00267595085239236
0.00253327110867474
0.00240173559943457
0.0614528400100767
0.00338727158086272
0.00318486822550312
0.0599102131505873
0.00254650612281182
0.00242211940836512
0.0528911178849114
0.00334044073045447
0.00315429218565555
0.00298333826201258
0.00282596343207331
0.0521270897774713
0.00253958018079459
0.00242246365719723
0.00231329213102072
0.00221136066924998
0.0467471400841646
0.0451764211626369
0.00230579832975764
0.00220934619056834
0.00211884197790368
0.0417140475375959
0.00320147460276132
0.00304423850147373
0.0028983601256698
0.00276276672759934
0.0405937159792842
0.00219711763216424
0.00211136788644239
0.00203055960983534
0.0019543190141178
0.00188230710946868
0.0379235676085727
0.00284196573561246
0.0363067244352067
0.00194713762829224
0.00187845583613466
0.0018133574608612
0.00175159666477498
0.0346500819746041
0.00290587806279063
0.00278106491330732
0.00266416410605075
0.00255451755700165
0.00245153450737234
0.00235468338991041
0.0335995087965557
0.00180658618947405
0.00174749368832749
0.0316904643827911
0.00241043077477343
0.00231953978686761
0.00223371795556204
0.0021525935761133
0.00207582853994381
0.0311214995969635
0.00179528011204866
0.00173879364808727
0.00168494177836465
0.00163356258383374
0.00158450643908736
0.00153763490496317
0.0295458647482008
0.00212392820500895
0.00205131417874327
0.00198237770558762
0.00191687353864722
0.0288753596133802
0.00157863290661453
0.00153355014612089
0.0014903782843021
0.0274405188115168
0.00195859279119759
0.00189635940580501
0.00183705871560846
0.00178050853492095
0.00172654066503242
0.0270220582233094
0.00152649046299302
0.00148493362959812
0.00144505726152033
0.00140677163676628
0.00136999296267959
0.0257501732245942
0.00176310620375375
0.00171155465778838
0.00166224105777246
0.00161503718913991
0.00156982392553573
0.00152649046299302
0.0254654397043623
0.00140172748643863
0.00136620524261843
0.0013320212847816
0.00129910898635899
0.0241954471588883
0.0236638229397386
0.00132734628641629
0.00129550221828367
0.00126479469025753
0.0227625087541128
0.0016306967729065
0.00158736324362962
0.00154574201366131
0.00150574365756029
0.0223423210948113
0.00129018598471475
0.00126045746469572
0.0012317486050506
0.00120401313233742
0.0215382326217082
0.00153136564603074
0.00149294081040807
0.00145595066737769
0.00142032436770023
0.0013859953995734
0.00135290127360577
0.0212741744688287
0.0012268765253225
0.00119998376072772
0.0011739689651904
0.0011487941930568
0.00112442353469078
0.0011008229847107
0.0205281055229989
0.001375999154277
0.00134406561585365
0.00131323564806962
0.0012834587736279
0.00125468737991241
0.0012268765253225
0.0202983108645753
0.00112136205359548
0.00109840915786208
0.00107615641161374
0.00105457552444932
0.0195275165376074
0.00124773038407966
0.0012207959174475
0.00119472779238095
0.00116948910391557
0.00114504489891942
0.0193616714227574
0.00107326363752236
0.00105225102072382
0.00103185176334364
0.00101204213876827
0.000992799560890489
0.01865614053429
0.00116396620779824
0.00114023752126968
0.00111722998252617
0.00109491455077659
0.00107326363752236
0.00105225102072382
0.0185452862606326
0.00100981014310264
0.000991042185887636
0.000972794521260312
0.000955048026128225
0.000937784450798063
0.0178589528823636
0.00106944119409036
0.00104898810263876
0.0010291184399307
0.00100981014310264
0.0177241769498551
0.000953330804009056
0.000936467498831917
0.000920049304966142
0.000904060639584259
0.000888486598228155
0.0171268993792637
0.00102557270463421
0.00100675819470553
0.000988458698373051
0.000970655518926833
0.0169726508634653
0.000902747866348363
0.00088751435305312
0.000872664563189574
0.000858185672313994
0.000844065388491799
0.0164523359736677
0.00098516115468783
0.000967795928318083
0.000950887591955052
0.000934420197495456
0.000918378488904636
0.000902747866348363
0.016340650580446
0.000857193011768231
0.00084336472934865
0.000829869556241647
0.00081669684186636
0.000803836360034893
0.0158287656516904
0.000916066293541462
0.0156180409374542
0.000815959150145318
0.000803350863520791
0.000791033584164325
0.000778998395276176
0.000767236719298126
0.0152506318496535
0.000928497906215853
0.000913193861720174
0.000898266582680662
0.000883703755675924
0.000869493567506652
0.000855624681889822
0.0150825238143852
0.000778464879090279
0.0146263848040462
0.00086711757444391
0.000853548580892038
0.000840296827334441
0.00082735246314769
0.000814706020605627
0.000802348393335706
0.0145812389833964
0.000789046398836035
0.000777468251612845
0.000766144005410752
0.000755066265128335
0.0141111808753749
0.000812995397836858
0.000800886124238787
0.000789046398836035
0.014047375374048
0.000764950475172554
0.000754080357069142
0.000743441142958545
0.000733026316083851
0.000722829587516571
0.0136504440306453
0.000799015073653209
0.000787410697057567
0.000776058252881739
0.000764950475172554
0.0135711548147128
0.000732054766558576
0.000722040297659987
0.000712230664930757
0.00070262030055801
0.0132006661397099
0.0130478433773078
0.000711276151037055
0.000701833006928609
0.000692577355039248
0.000683504247376732
0.000674608898066253
0.000665886677779781
0.0128134144961223
0.000794224160927115
0.000783081036161093
0.000772171728044668
0.000761489713340779
0.000751028698573464
0.0126544934344111
0.000673975211952893
0.000665395581449957
0.000656979318364392
0.000648722287564851
0.000640620483750354
0.0124321340157394
0.000759297504259848
0.000749037168702671
0.000738984230792994
0.000729133116578851
0.00071947843957787
0.000710014991113894
0.0123012044534789
0.000648217155799102
0.00064024233802229
0.000632414302231155
0.000624729456717432
0.000617184318343789
0.0120728262153307
0.0118681702053891
0.0116631551532009
0.000734606445575992
0.000725119711660227
0.00071581631391382
0.000706691539335225
0.000697740827035886
0.000688959760509533
0.0115578390299333
0.000638733224946009
0.000631148307320473
0.000623698191930089
0.000616379690427493
0.000609189711326508
0.000602125251248253
0.0113602735750646
0.000695891192094678
0.000687264772523122
0.000678798403214387
0.000670488135142477
0.0112333316384365
0.000608560388172918
0.000601600989853068
0.000594760720559862
0.000588036867156916
0.00058142679267803
0.000574927937350367
0.0110722974229702
0.000677045278393962
0.000668877473344764
0.000660857172988472
0.000652980832342109
0.0109265452175578
0.000580996298822356
0.0107383110031378
0.000659193203887298
0.000651448390613041
0.000643839812141778
0.000636364280580892
0.000629018699555672
0.0106493067070232
0.000586802436032485
0.0104223149133986
0.000634904524417834
0.000627676760359464
0.000620572204752534
0.000613588063174575
0.0103732144076503
0.000592356599213417
0.0101229318763671
0.000619180106696149
0.0100747902760077
0.000597668579871424
0.000591227693007568
0.000584890771733626
0.000578655581534804
0.000572519948946137
0.00988434794828663
0.000624518675863328
0.000617638315702607
0.00061087149811101
0.000604215728685631
0.000597668579871424
0.000591227693007568
0.00985044040567118
0.000577571851636094
0.000571525314398968
0.000565573600852076
0.000559714730911764
0.000553946776449266
0.00965666886804684
0.00956915832455252
0.00938813140464845
0.000607603017670044
0.000601152881927192
0.000594805340483617
0.000588558219760671
0.000582409404955797
0.00935637301324732
0.000569150305068433
0.000563369038559358
0.000557675766231114
0.000552068703541408
0.00917287454342386
0.000587040608479583
0.000580984186512978
0.000575021394411124
0.000569150305068433
0.000563369038559358
0.000557675766231114
0.00916285000585049
0.000556481476792214
0.00055095367326885
0.000545508158097618
0.00895767583222096
0.000562093241228467
0.000556481476792214
0.00055095367326885
0.0089480009618228
0.000549733611251213
0.000544364362554006
0.000539073711479432
0.000533860125528918
0.000528722108583679
0.00877067180226732
0.000555183028382089
0.000549733611251213
0.000544364362554006
0.000539073711479432
0.000533860125528918
0.000528722108583679
0.00877067180226732
0.00053276368976185
0.00052769525120766
0.000522699086900502
0.000517773824753931
0.000512918123945383
0.0085912405355657
0.00854685207502826
0.000516787193532764
0.000511995128704257
0.000507269675381394
0.000502609598697745
0.0084106294442563
0.00054179195785764
0.000536647276817348
0.000531575833633724
0.000526576236893561
0.00836805398864726
0.000506320959289042
0.000501720738498079
0.000497183177571969
0.000492707137595971
0.000488291507849681
0.000483935202282737
0.00825334871285577
0.000530303649725283
0.000525372120932843
0.000520509349939857
0.00818820790948394
0.000487489911051853
0.000483187218151215
0.000478941462233706
0.000474751638876114
0.000470616767188403
0.00809409557837171
0.000524089464761346
0.000519292268108984
0.000514560913984496
0.00801584804491995
0.000474028099915813
0.000469942601057483
0.000465909897911843
0.000461929079847323
0.000457999260333963
0.000454119565119981
0.00794798018364418
0.000518001962632297
0.000513333801222871
0.00050872872736818
0.000504185603972473
0.00785837281307522
0.000457391255167749
0.00045355604265751
0.00044976904973737
0.000446029469003406
0.000442336509649977
0.00780004886951247
0.00050749419915519
0.00768413614605379
0.000445480879761817
0.000441829069359301
0.000438222149114154
0.000434659384154656
0.00765093959694241
0.000510679830540539
0.00050619584294509
0.000501770910432242
0.000497403994359047
0.000493094083822143
0.00754669563229982
0.000437687988323887
0.000434164250691538
0.000430683057174974
0.000427243723379434
0.000423845578552573
0.00751373869411509
0.000496161370392656
0.000491906803063102
0.000487706960257128
0.000483560905195191
0.000479467718150772
0.000475426501452603
0.00742100435604698
0.000426760550453764
0.000423398624434412
0.000420076419459292
0.00736918584789237
0.000478380567074055
0.000474389199325742
0.00727230324309858
0.00042289186671951
0.000419604862827327
0.000416356181176525
0.000413145222864841
0.000409971408089405
0.000406834159775826
0.0072476883735817
0.00047723927127663
0.000473297197231659
0.00046940397464823
0.00713585996572874
0.000409543881232821
0.000406438677828191
0.000403368789875458
0.000400333681454867
0.00711878720926507
0.000472154382578083
0.00046830880842208
0.000464510228539439
0.000460757876453499
0.00701080074350102
0.000402950640591371
0.000399946053221356
0.00039697507281744
0.000394037198248043
0.000391131937021783
0.000388258808698083
0.00700522093779909
0.000463413409306668
0.000459706128594917
0.000456043349458923
0.000452424359309589
0.00689004909554569
0.000390780516681843
0.000387935278240548
0.000385121117460585
0.000382337580958847
0.00037958422376505
0.000376860609549112
0.00689509489234297
0.000454989838772235
0.000451413525752287
0.000447879393959738
0.000444386781737194
0.0004409350374317
0.000437523524396966
0.00678520894189205
0.000379291785520763
0.000376593717192009
0.000373924441419149
0.000371283548702195
0.000368670635680246
0.00678332972438511
0.000440002402228856
0.000436629661408006
0.000433295718039517
0.000429999974357997
0.000426741848059464
0.000423520766617003
0.00668330790676919
0.000371019391423033
0.000368430406979314
0.000365868525250335
0.000363333369477914
0.000360824567678719
0.00667511241522334
0.000425916506401336
0.000422730738819155
0.000419580731659153
0.000416465947637334
0.00657347756236959
0.000363094968406585
0.000360608608843904
0.00655636305168628
0.000418784345811218
0.00645131747387495
0.000362814281061219
0.000360350278015176
0.00035791138247987
0.000355497254986403
0.0064507233284985
0.000421031361838686
0.00633324838713634
0.000357634688270991
0.000355241972101794
0.000352873277734034
0.000350528282524465
0.000348206669741558
0.00635282518260283
0.000423208883830739
0.000420126992594305
0.000417078789041625
0.000414063782955054
0.000411081492757148
0.000408131444373794
0.00624470312686753
0.000350276114204462
0.000347974633541526
0.000345695845908267
0.00624933031758701
0.000410241585768745
0.000407322891533113
0.000404435369091516
0.000401578573701045
0.00614871728998878
0.000347705955391575
0.000345446842629826
0.000343209758057128
0.000340994412681539
0.000338800527515559
0.000336627823571689
0.00616153890564419
0.0004036247323711
0.000400797809561482
0.000398000609038718
0.000395232714026861
0.000392493715708042
0.00606036138515265
0.000338573259796249
0.00605607222519211
0.000394478342741422
0.000391767292057921
0.000389084213111346
0.000386428718456955
0.000383800432473436
0.000381198981131092
0.00597899704757765
0.000340469464845228
0.000338312567464527
0.000336176178052483
0.000334060036720984
0.0059658107852556
0.000383124006702928
0.000380548256316615
0.000377998504063726
0.000375474398197184
0.000372975595610114
0.00589531131254262
0.000335901723701681
0.000333803305238689
0.000331724562784075
0.000329665250319522
0.00587819877227957
0.00037484403515009
0.000372369348724533
0.000369919189097345
0.000367493234762151
0.000365091163757825
0.000362712665037179
0.00581809697291646
0.000331454734805448
0.00032941244921858
0.000327389052472427
0.000325384310826848
0.000323397995316554
0.00579684706940498
0.00571824932330856
0.00569947330200193
0.000368670501302404
0.000366290491683685
0.00562953260464383
0.000328820838376487
0.000326830675930978
0.000324858597650746
0.000322904380936961
0.000320967813422612
0.000319048679330081
0.00562659331171744
0.000368007427141492
0.000365650100775383
0.000363315449703805
0.000361003181978958
0.000358713012019507
0.000356444657427346
0.0055593051570213
0.00032069601911644
0.000318792292318903
0.000316905531690281
0.000315035534640629
0.000313182103127474
0.000311345040245214
0.00555548088436808
0.000358113667516591
0.0003558662906471
0.000353640092725982
0.000351434806361794
0.000349250170074811
0.00548690959294618
0.000312944626784883
0.000311121903450839
0.000309315119238818
0.000307524085656041
0.00547942832326953
0.000350873491015591
0.000348708621004334
0.000346563809898726
0.000344438807587721
0.000342333372827852
0.00541634882938524
0.000309081356817842
0.000307304137777464
0.000305542261912706
0.000303795550507857
0.000302063831213673
0.000300346930998785
0.00541190886838194
0.000343912764265042
0.000341825974146559
0.000339758197696938
0.000337709206178261
0.000335678770397863
0.00534755529247377
0.000301860143736121
0.000300156130379037
0.000298466559570443
0.000296791266464425
0.000295130091672036
0.0053428538017215
0.000337215913532418
0.00526652836629182
0.000296602676598923
0.00029495373496502
0.000293318555122823
0.000291696987687828
0.00527248551179582
0.000338714805138807
0.000336701476726375
0.000334706123339856
0.000332728527837389
0.00033076848148994
0.000328825774431607
0.00520491299175774
0.000293132185333889
0.000291522425186486
0.000289925937750013
0.000288342577732692
0.000286772200752239
0.00520691497513326
0.000330285170321076
0.000328358986735111
0.000326449674275864
0.000324557035810358
0.00513805556488478
0.000288169834902874
0.000286610683133404
0.00028506419698715
0.000283530239357788
0.000282008676776968
0.00514294627032541
0.000325979458921211
0.000324102707509155
0.000322242185347932
0.000320397703944764
0.0003185690788996
0.0003167561283135
0.00507930859998851
0.00028337018216007
0.000281859297956544
0.000280360509805178
0.000278873687875603
0.000277398707112297
0.00508052179884544
0.000318141765546898
0.00031634362630939
0.00500936435105359
0.000278725446150929
0.0002772606317194
0.000275807376965531
0.000274365560926526
0.00501686141387836
0.000317696197271289
0.000315912770020077
0.000314144379672143
0.00494433273161121
0.000275660312127002
0.000274228330908954
0.000272807519195339
0.000271397762844572
0.00495477532626865
0.000315464421191791
0.00031371041723105
0.00487792156150135
0.00027266166807749
0.0048863271092614
0.000314999408146832
0.000313259688027756
0.000311534401362223
0.000309823388988661
0.000308126492654992
0.00482210962081808
0.00481696369865858
0.00030938441204853
0.00030770107105127
0.00030603148843511
0.000304375515497668
0.000302733002627065
0.00030110380566839
0.00477039897350551
0.000276525978279096
0.00027511246071299
0.000273709796374533
0.000272317871349514
0.000270936577180692
0.000269565806775063
0.00476479400504104
0.00470293820535517
0.000270749406354298
0.000269387923708564
0.000268036721990939
0.000266695699792763
0.000265364754795883
0.00471122158342041
0.000305161242977192
0.000303531313420535
0.00030191446239769
0.000300310550301219
0.000298719439342676
0.00029714099400735
0.00465380345167432
0.000266520254626812
0.000265198173110548
0.000263885943240894
0.000262583463609189
0.000261290640537482
0.000260007376255089
0.00466124411968849
0.000298313099392544
0.000296746810363402
0.00459489472086716
0.000261134654010675
0.000259859740253887
0.000258594172919402
0.000257337863786233
0.000256090720995417
0.00460993755768868
0.000297892855542159
0.000296338643693161
0.000294796613161452
0.000293266639346257
0.000291748595827812
0.000290242356641102
0.00454797793167927
0.000257191816672275
0.000255952655152214
0.00025472245988567
0.000253501146289636
0.000252288627962116
0.0045597414086842
0.000291362039888554
0.000289867133005828
0.000288383748738852
0.00028691176976281
0.00449684967929898
0.000253364427408087
0.000252159542469599
0.0045038967250548
0.000288006550817954
0.000286545517838022
0.000285095620711218
0.000283656745068583
0.000282228782452876
0.00444935686073222
0.000253213944233721
0.00444711364343675
0.000283299149032246
0.00028188161786602
0.000280474741884973
0.000279078419225698
0.000277692538475094
0.000276316999133996
0.00440526494367077
0.000254248371220456
0.000253050200626603
0.000251860511070845
0.000250679223427142
0.000249506259933696
0.000248341538281238
0.00440259975675872
0.000277363330496883
0.000275997605513112
0.000274641985015478
0.000273296368050069
0.00435727776630301
0.000249352114678913
0.000248194656705891
0.000247045268679358
0.000245903876930242
0.000244770407334727
0.00435681960107104
0.000274320186690602
0.000272984065304627
0.000271657723260432
0.000270341063242086
0.000269033992935874
0.000267736415025865
0.00431493308178688
0.000245758771143301
0.000244632257363264
0.000243513501118287
0.00430782470357371
0.00026873761726165
0.000267448989234254
0.000266169646693015
0.00426663317557541
0.00024448206750094
0.000243370154294098
0.000242265837641753
0.000241169050696044
0.00024007972160689
0.000238997784435924
0.00426601781691716
0.000267150179752207
0.000265879619291809
0.00421716817800188
0.000239944676650339
0.000238869218264881
0.000237800999457249
0.000236739958381804
0.00422102886113862
0.000266840440417582
0.000265578611106321
0.000264325749867567
0.000263081770299323
0.000261846585999592
0.000260620116478094
0.00417751425402457
0.000237667491546745
0.000236612744629383
0.000235565029925056
0.000234524283769133
0.000233490444770723
0.00417892096402284
0.000261560413491679
0.000260342188539653
0.0041300822622361
0.00023439841788786
0.000233370622026996
0.00023234959508045
0.00023133528065955
0.00413574214326218
0.000261263970969594
0.000260053941929073
0.000258852337083226
0.000257659074577532
0.00408787428068536
0.000232225072068104
0.000231216631163988
0.000230214770908788
0.000229219429911609
0.000228230556331255
0.000227248090141074
0.00409716085050604
0.000258562223280023
0.00025737690839378
0.000256199759405717
0.000255030699463532
0.00404652026918484
0.00022811872395323
0.000227141832056077
0.000226171226586303
0.000225206850700488
0.00405564995480745
0.000255915775142057
0.000254754423622217
0.000253600992436986
0.000252455406553054
0.00400599457179851
0.000226060412842344
0.000225101461637678
0.00022414862178266
0.000223201842345588
0.000222261071485264
0.000221326255996246
0.00401852004051761
0.000253322945809487
0.000252184837790992
0.000251054411819496
0.000249931603320874
0.00396627254804116
0.00397159080785059
0.000250782122293458
0.000249666565650841
0.000248558467319526
0.0002474577609064
0.000246364378654107
0.00024527825826226
0.00393117773000995
0.000223919587369892
0.000222983352159645
0.000222052999561129
0.000221128479552135
0.000220209741655708
0.00393429319819916
0.000246111659635062
0.000245032408656698
0.000243960270836396
0.000242895182964276
0.000241837083649443
0.00024078591104626
0.0038966622892076
0.000221015660827106
0.000220101988816168
0.000219193992506916
0.000218291624150879
0.000217394837363827
0.000216503586216277
0.00389936642295652
0.000241602629102999
0.000240557969846122
0.0002395200990577
0.000238488956256333
0.00385906926703683
0.000217292978049954
0.000216406547224324
0.000215525546991557
0.000214649935969646
0.00386174777349879
0.000239290119225188
0.000238265306052199
0.000237247088989534
0.000236235411193775
0.000235230216730997
0.00382398589999866
0.00021542457943724
0.000214553664136474
0.000213688039821136
0.00382322626137466
0.000236015931022848
0.000235016813803668
0.000234024054861948
0.000233037596899521
0.00378777587775403
0.000214448959923175
0.000213587963571626
0.000212732163163309
0.000211881512768741
0.000211035975098639
0.000210195506952005
0.00379023222967589
0.000233808629218402
0.000232828081152547
0.000231853713557939
0.00375051985065511
0.000210941252134944
0.000210105195492361
0.000209274113785796
0.000208447975637682
0.00375468063248263
0.000232610786042642
0.000231642232847662
0.000230679739161133
0.000229723257689329
0.00371568111586384
0.000209180172532797
0.000208358332656644
0.00371672043274884
0.000230466440370947
0.00367645815094875
0.000209078482839686
0.0002082609316858
0.000207448184937675
0.000206640204396535
0.000205836953227845
0.000205038393232826
0.00368554011083688
0.000231196916956833
0.000230245835609821
0.000229300636874541
0.000228361268455046
0.00364297514897771
0.000205744577215228
0.000204950108127377
0.000204160249722918
0.000203374964257819
0.000202594219445018
0.00365338985920971
0.000229078577831388
0.000228144747779879
0.000227216639814287
0.000226294208459876
0.000225377404603933
0.00361171782606107
0.000203287364911375
0.000202510568215075
0.000201738229407056
0.000200970319383487
0.00362034778072484
0.000226081657729083
0.000225170183512091
0.00357620787826818
0.000201651320821838
0.000200887260689342
0.000200127552488993
0.000199372163478984
0.000198621056824777
0.000197874203422543
0.00359073340950999
0.000225862423121725
0.000224956251258845
0.000224055545004376
0.000223160259338329
0.00354451813427659
0.00019854231913996
0.000197799146917532
0.000197060153368511
0.000196325309389067
0.00019559458405638
0.000194867944628641
0.00356158236263582
0.000223840349008242
0.000222950225634122
0.000222065423713502
0.000221185900045384
0.00351338507834953
0.000195523512047657
0.000194800390090677
0.000194081289919268
0.000193366174698895
0.00353017783481846
0.000221854155370238
0.000220979658934084
0.000220110342979751
0.000219246168398968
0.000218387095173966
0.000217533081467991
0.0034858205076489
0.000194010572613479
0.000193298897556815
0.000192591142877063
0.000191887284472614
0.0001911872909659
0.00019049113325309
0.00350198451269534
0.000218189386487211
0.000217340163544577
0.000216495908716752
0.000215656584714452
0.00345570573836085
0.000191123623608291
0.000190430753264081
0.000189741660506115
0.000189056313502078
0.000188374687695614
0.00347292344031302
0.000216301668388041
0.000215467011457804
0.000214637194403622
0.000213812185847928
0.00342610684583633
0.000188996085398685
0.000188317637821456
0.000187642851415148
0.000186971698894922
0.00344305962971703
0.000214446331938234
0.00021362586903706
0.000212810126868135
0.00021199906586844
0.00339701068924114
0.000187582789294538
0.000186914744972455
0.000186250276783539
0.000185589358807192
0.000184931963303825
0.0034149630146203
0.000212622551771346
0.000211815925922565
0.000211013900297985
0.000210216439427313
0.000209423509204498
0.000208635075068742
0.0033712119034135
0.000185532518116815
0.000184878131676669
0.000184227215413557
0.00338484542180595
0.000209247742077423
0.00020846354209425
0.00020768375861735
0.00020690836254289
0.000206137317945831
0.000205370592084364
0.00334577971216277
0.000184818445632118
0.000184170501597691
0.000183525973625365
0.000182884833066055
0.00018224706127512
0.000181612628693983
0.00335890476071654
0.000205972676212696
0.000205209996693156
0.000204451560875896
0.000203697339657083
0.000202947299840162
0.00331936931752352
0.000182193367891159
0.000181561788394902
0.00332856536442705
0.000203539284939325
0.0002027931509474
0.000202051130600012
0.000201313192519592
0.000200579303509585
0.000199849439013633
0.00329467978963294
0.000182134107035381
0.000181505373348045
0.000180879898834974
0.000180257665306272
0.000179638647750835
0.000179022825705033
0.00330348160287031
0.000200431315533933
0.000199705184968479
0.00019898301206922
0.000198264760911115
0.000197550409666292
0.000196839926957182
0.00327033546545863
0.00017958515763894
0.000178972064986738
0.000178362117821962
0.000177755292952497
0.000177151574007439
0.000176550934156694
0.00327876050187115
0.000197411922272295
0.000196705013877363
0.000196001911263011
0.000195302587144397
0.000194607013327186
0.000193915163436031
0.00324632985802964
0.000177103520400124
0.000176505501713109
0.000175910515736177
0.000175318545643677
0.00017472956869824
0.000174143564436235
0.00325439467269462
0.000194477494915191
0.000193789067907346
0.000193104304798908
0.00321896375953656
0.000174686642367305
0.000174103152403404
0.000173522593740927
0.000172944943642506
0.00322816137986592
0.000193657989711937
0.000192976604466821
0.000192298820820724
0.000191624618310016
0.000190953967376117
0.00319448456457394
0.000173479597833648
0.000172904411101626
0.00017233209018741
0.000171762615082116
0.000171195971233828
0.00017063213408619
0.00320453010817801
0.000191498695585324
0.000190831314739626
0.000190167427263077
0.000189507014511037
0.00316917792042659
0.00017115772334364
0.000170596254520206
0.000170037551924906
0.000169481600096333
0.000168928380844591
0.00318016396204257
0.000190043249858718
0.000189386030342575
0.000188732226433785
0.000188081815849728
0.00314426903605636
0.000169445539086155
0.000168894616308535
0.000168346383361495
0.000167800826602615
0.000167257928296749
0.00315616395982943
0.000188609757060476
0.000187962468316982
0.00311742365693135
0.000167766853792273
0.000167226182384184
0.000166688131685078
0.000166152681686071
0.000165619816925755
0.00313252195019231
0.000188482767043752
0.00018783859013638
0.000187197722880228
0.000186560142537928
0.00018592582682686
0.00309446440314787
0.00016612070339761
0.000165590003234684
0.000165061851475912
0.00016453623175039
0.00310821349148682
0.00306617267460751
0.00308024162313814
0.000187577742963185
0.000186943005246576
0.000186311498964642
0.000185683199106279
0.00304284893672957
0.000166043298577279
0.000165516919878428
0.000164993050020712
0.000164471672633226
0.00305672920057987
0.000186180838227301
0.000185555532425496
0.00018493338211556
0.000184314369562344
0.00301987734019349
0.00016495213003509
0.000164432869496522
0.000163916066412639
0.000163401703048294
0.00016288976667056
0.0030345580366884
0.000184804588116094
0.000184188500043092
0.000183575501978339
0.000182965571639215
0.0029972499746691
0.000163362859893823
0.00016285297988361
0.000162345492753957
0.000161840381224465
0.000161337633016956
0.00301270466161441
0.000183448531970498
0.000182841464265948
0.000182237416538555
0.000181636367415194
0.000181038301434455
0.002976033091727
0.000161803527589655
0.000161302777542005
0.000160804358074529
0.000160308252361574
0.000159814448124962
0.0029911623287262
0.000181513984898629
0.000180918694240972
0.000180326337613224
0.000179736895461247
0.00295405580345687
0.000160273303208669
0.000159781442562235
0.000159291849286092
0.000158804512466304
0.00296898707483706
0.000180205644937814
0.000179618918537017
0.000179035065684729
0.000178454065462574
0.000177875901499647
0.000177300553787063
0.00293447797321278
0.000159256821461895
0.000158771390033507
0.000158288183683908
0.000157807185587444
0.00294713784796841
0.000177762154180527
0.000177189416262991
0.000176619451849547
0.000176052245024039
0.00017548777623233
0.000174926029558264
0.00291514440141327
0.000158253087647608
0.000157773961291241
0.000157297016357916
0.000156822236021981
0.002925607522684
0.000175380625023536
0.000174821387645352
0.000174264830093307
0.00017371093872498
0.000173159693531488
0.00289505444061433
0.000157261865751934
0.000156788923050044
0.000156318116751208
0.00015584943776048
0.000155382867887965
0.00290528922278099
0.000173607618307869
0.000173058808286441
0.000172512606241071
0.00017196899807459
0.00287425405576869
0.000155816046571999
0.000155351262037584
0.000154888565248257
0.00288347606146999
0.0001724105836729
0.000171869360201526
0.000171330690591276
0.000170794560290233
0.000170260952017998
0.00285471938559567
0.000155316037307784
0.00015485510812141
0.00286110192337219
0.000170696146142291
0.000170164855262556
0.0028325788798611
0.000155277273279353
0.0001548181085127
0.0001543609860164
0.0001539058889648
0.00015345281417467
0.000153001740272884
0.00284253964446179
0.00017059433457689
0.000170065352449456
0.000169538835962157
0.00016901477238207
0.000168493143519299
0.00281360823146315
0.000153417552610335
0.00015296818492061
0.000152520794472366
0.000152075370351668
0.000151631902554072
0.00282335744032025
0.000168916496022575
0.000168397111792729
0.00016788012590041
0.000167365530160168
0.000166853303198877
0.00279488739033695
0.000152041779983847
0.000151599972923577
0.000151160091263591
0.000150722132275405
0.00280359076032255
0.0001672706566751
0.0027727377150768
0.000151126477703656
0.00015069014762048
0.000150255707922042
0.000149823153606121
0.00278409865904905
0.000167682800565672
0.000167172595411103
0.000166664720836707
0.000166159169566527
0.000165655920227437
0.00275456113513428
0.000150222078900697
0.000149791124385956
0.000149362026604649
0.00276405433078253
0.000166062310654524
0.000165561193171015
0.000165062350788503
0.000164565768045577
0.000164071431754564
0.00273661880464715
0.00014975590420363
0.000149328393490578
0.000148902713135612
0.00274429216233329
0.00271447755540066
0.000149291631714732
0.000148867524330853
0.000148445225931937
0.000148024731515761
0.000147606025166169
0.000147189099152456
0.00272721382589225
0.000165362652751355
0.000164868014508102
0.000164375601798383
0.00016388540097978
0.000163397397955123
0.00269706041763129
0.000147572401147045
0.000147156992170494
0.000146743340337707
0.000146331438372727
0.000145921273542626
0.00270955325868272
0.000163787962264905
0.00016330199832737
0.000162818207627424
0.000162336568337196
0.000161857074090221
0.00267986290009503
0.000146299320476828
0.000145890633575618
0.000145483662890911
0.000145078399327758
0.00269134211612254
0.000162242330134177
0.0001617648190404
0.000161289422976552
0.000160816127845465
0.000160344918640476
0.00266288093553158
0.000145451544995012
0.000145047732985404
0.000144645607178973
0.000144245153933298
0.000143846372338885
0.000143449245115335
0.00267490624992206
0.00264189759673172
0.000143817101161403
0.000143421380926156
0.0026556437896943
0.000161571947955963
0.000161100471359532
0.000160631064318295
0.000160163712280337
0.000159698408424447
0.000159235132286994
0.00262623369098947
0.000143785002364893
0.000143390682751487
0.000142997987495619
0.000142606911140319
0.000142217442771653
0.00263889554844354
0.000159605634962645
0.00015914424920993
0.000158684869802528
0.000158227486735996
0.00260910442102613
0.000142576210237166
0.000142188108839036
0.000141801595418656
0.00262087920873455
0.000158593211381231
0.000158137680045911
0.000157684115947632
0.000157232509991445
0.000156782846715942
0.000156335119754658
0.00259381648493218
0.000142156050969788
0.000141770898153482
0.00260236942995107
0.000156695903569926
0.00015624996558472
0.00015580593390041
0.000155363802150532
0.000154923555783171
0.00257790293107973
0.000142121333738032
0.000141737528792873
0.000141355282721634
0.000140974590067344
0.000140595432640112
0.00014021781316842
0.00258701223810931
0.00015527962204942
0.00255903149263759
0.000140563448439934
0.000140187135002634
0.0025689731737657
0.000155631563757197
0.000155192939928384
0.000154756172378256
0.000154321254740353
0.000153888176100736
0.00254354547996627
0.000140528897645709
0.000140153894790274
0.00013978039714857
0.000139408395625651
0.000139037882036064
0.00255330221534678
0.000154235578520456
0.000153804202454921
0.000153374644469295
0.000152946889102168
0.00252747468584857
0.000139375222715898
0.000139005987875862
0.000138638222779264
0.000138271918331156
0.000137907071803056
0.000137543672281026
0.00253851666911942
0.000153289953232161
0.000152863872244779
0.000152439572957519
0.000152017043546948
0.000151596277646604
0.000151177260704571
0.00251312296859396
0.000137876477310783
0.000137514311063569
0.000137153579998994
0.000136794267746154
0.00252252394420793
0.000151515831930737
0.000151098434798769
0.000150682766616228
0.000150268819197663
0.000149856580719643
0.00249818009888259
0.000137123021886509
0.000136764924718591
0.00013640823726746
0.00250605103428825
0.000150190860040311
0.000149780199535599
0.000149371227053052
0.000148963931678736
0.00248267622100684
0.000136733202452888
0.00248843602457782
0.000149294119182741
0.000148888376315881
0.000148484290548367
0.000148081854604243
0.0024673635716681
0.000137054812512361
0.00013669914460479
0.000136344867314619
0.000135991969727911
0.000135640446387697
0.00247373277306906
0.000148408020322677
0.00245007343801262
0.000135958021019178
0.000135607681841066
0.000135258700538543
0.000134911068016663
0.000134564781546942
0.000134219827486959
0.00245985984292929
0.000148730576256639
0.000148329555486271
0.00014793015725445
0.000147532379742188
0.00243515857073362
0.000134533266646031
0.000134189463096845
0.000133846979224472
0.000133505812300427
0.000133165953229764
0.00244548814316659
0.00241758181073237
0.00013347550520848
0.000133136765725794
0.000132799321363564
0.000132463159388863
0.00243064170535945
0.000148564190567413
0.000148166214785306
0.000147769838804379
