0
0
0.306852819440054
0
0.0721317747748311
0.193147180559946
2.39962406520749
0.306852819440054
0
0.0721317747748311
0.193147180559946
0.316290731874155
2.71527895533478
0.15805020110221
0.213570056771043
0.275061653032347
0.337884017821187
0.39991645802429
2.28915136705066
0.213570056771043
0.275061653032347
0.337884017821187
0.39991645802429
2.28915136705066
0.398731904099778
0.440699898170999
0.482644505770436
0.524103075399664
0.564801048236509
0.6045803119772
2.46158511036616
0.398731904099778
0.440699898170999
0.482644505770436
0.524103075399664
2.24493480337027
0.599337887333922
0.630470774733441
0.661183770312272
0.691401819006005
0.721076826539511
0.750179862723643
2.59072105306895
0.536320169219158
0.567898369675605
0.599337887333922
0.630470774733441
2.2674029596197
0.744796091044046
0.769149020857265
0.79316612262752
0.816827444961229
2.57274489300847
0.644815582030406
0.67007827867044
0.695211451347385
0.720136482051773
0.744796091044046
0.769149020857265
2.44412430038103
0.817531672084543
0.837922480718236
0.858086720527924
0.878010506178898
0.897683884724957
0.917100042311335
2.68016653623727
0.776151851788237
0.796933116602221
0.817531672084543
0.837922480718236
0.858086720527924
2.52184821181193
0.916460053091457
0.933661029844574
0.950682048689148
0.967517500679465
2.68094480314451
0.863865298471028
0.881550823825039
2.44407380724064
0.96922217202456
0.98435243357851
2.60807681255207
0.891808042117036
0.907491588152484
0.923087295966825
0.938581415206658
2.47931558227605
0.989934874572216
1.0036326964071
1.01723587377555
1.03073890817514
2.62921344358513
2.34870012040555
1.03660584979379
1.04895206611602
1.06122275502858
2.61717131672126
0.948625397109185
0.961296938379407
0.973953182969753
0.986580987306427
2.39810285709889
1.06806326618642
1.07935821204637
1.09059543302337
1.10177103628954
1.11288168902689
2.67416163634656
0.999391708323147
2.33548350191465
1.11878786962271
1.12909879651059
1.13935852928324
1.14956440259161
2.69674864251616
1.0138176787858
1.02437333918455
1.03493787942546
1.0455012285469
1.05605453340002
1.06659001187967
2.4521715962398
1.15536706049616
1.16489270205685
2.66477668860805
1.07798407538994
1.08773281926517
1.09747001706688
1.10718985102395
1.11688715869866
2.52255202202352
1.17167019775619
1.18058920335844
1.18947556414571
1.1983270208348
1.20714156598254
1.21591741990389
2.74078310948355
1.1266858623078
1.13572332173476
1.14474426862827
1.15374471266299
2.55801772392226
1.22142293376808
1.22968929457741
1.2379237541993
2.73845340875471
1.16283123294474
1.17126225054315
1.17967776236472
1.18807462177773
1.19644999420649
2.61644274774884
1.24368431279965
1.25146456497674
1.25921836009806
1.26694431524442
1.27464118506424
2.78262990036649
1.20444593646943
1.21233195307272
1.22020098176603
1.22805073409117
1.23587913672529
1.24368431279965
2.69251109083814
1.27981349097201
1.28711455494698
1.29439111538938
1.30164211532804
2.80264638890407
2.62893589503617
1.306649173246
1.3135474438808
1.32042398467331
2.8022388936401
1.2508219317773
1.25784924366246
1.26486591904922
1.27187010863605
2.657858637814
1.32556801381577
1.33212414817734
1.33866173459319
1.34517992140531
2.82204912922413
1.27924506873495
1.28589989891549
1.29254467328508
1.29917785570683
1.30579803163687
1.31240389906788
2.72524181256233
1.35013969585327
1.35636912051371
1.36258185793901
1.36877717193085
1.37495438506386
1.38111287469445
2.87687805956159
1.31877271731577
1.32507215675798
1.3313596348562
1.33763404965294
1.34389438323308
1.35013969585327
2.7864544213279
1.38541555252323
1.39131845611473
1.39720503444636
1.40307474116048
2.89375801824775
1.35567865278631
1.3616532761792
1.36761505672144
1.37356318607192
1.37949691561391
2.82504154282361
1.40725669886234
1.41289353928005
1.41851558269116
1.42412234710366
1.42971338640274
2.92627606427243
1.38457239961912
1.39026280439089
1.39594074868791
1.40160558166719
1.40725669886234
1.41289353928005
2.87758605698332
1.43358130015452
1.43896154603385
1.44432789216404
1.44967994163
1.45501732612604
2.95690397169909
1.41736160077841
1.42278085072252
1.42818758184154
1.43358130015452
2.89491144337205
1.45860978365238
1.46375546274936
1.46888808955504
1.47400733388202
1.47911288862696
2.98584331869762
1.43790403575065
1.44309811031536
1.44828071311105
1.45345140691336
2.91169579020516
1.48246218447929
1.48739264992133
1.49231085632732
1.4972165264897
1.50210940202516
3.01326566285081
1.45763713278899
1.46262399740823
1.46760031140741
1.47256568595134
1.47751975710742
1.48246218447929
2.95679879574249
1.50524278873968
1.50997512686485
1.51469594433019
1.5194050064606
1.5241020940797
3.03931814315746
1.48620351449233
2.92973118800501
1.52704274409933
1.53159210928027
1.53613063875867
1.54065813235155
1.54517440274873
3.06412784601133
1.4902865799881
1.49491363763735
1.49953201420203
1.50414137867421
1.50874141953284
1.51333184374556
2.97251439581584
1.54794215653675
3.03799804455088
1.51701424917599
1.52145970881907
1.52589652205029
1.53032442445675
1.53474316689483
1.53915251474001
3.01263044794695
1.5510289961689
1.55528826157109
1.55953860675567
1.56377984204602
3.05036481870599
1.54248452170902
1.54676101176978
1.5510289961689
3.01344669407951
1.56680383369889
1.57092288810776
1.57503364550581
1.57913593221093
1.5832295842626
3.07425198766163
1.55439878093392
1.55854157998437
1.56267666614537
1.56680383369889
3.02672966736185
1.58608636320065
1.5900663996602
1.594038540437
1.59800263473079
3.08575357625142
2.99256403271699
1.60080606661569
1.60466343096147
1.60851341868278
1.61235589078132
1.61619071560478
1.62001776853509
3.11901700065806
1.56970097126708
1.57361134771026
1.57751576667403
1.58141401721008
1.58530589881679
3.01817095159794
1.62258421083681
1.62631228991671
1.63003321224295
1.63374686229514
1.63745313059138
3.14005043767071
1.58873184949909
1.59251800654016
1.59629836515006
1.60007274225626
1.60384096363708
1.60760286354759
3.05370487477393
1.63989296378151
1.64350654266804
1.64711330299866
1.65071314292874
1.65430596582468
3.16027404296136
3.02279654645025
3.12960026285106
1.61051272311653
1.61409243350096
1.61766732205837
1.62123722003042
1.62480196627308
1.62836140695328
3.05725812830946
1.65571919767155
1.65915313505588
1.66258133725234
1.66600370193027
1.66942013153579
1.67283053310968
3.1597267751859
1.63153074058352
1.63500151605791
1.63846742331833
1.64192832083558
3.06964841016821
1.67523723884011
1.67856853005088
1.68189422539348
1.68521423812939
1.68852848552621
1.69183688871016
3.1884754202984
1.64502030693945
1.64839731571527
1.651769717018
1.655137380344
3.08174408923316
1.6940670750999
3.16974534830587
1.65815564619226
1.66144382140925
1.66472762949485
1.66800694985585
1.67128166697245
3.10323882247946
1.69646403732821
3.15185765224084
1.6741587737626
1.67735852411926
1.68055401769885
1.68374514741896
3.11454102225656
1.69901349732032
3.1347619742167
1.68655859620452
3.09785785085723
1.70170243820957
1.70474250899275
1.70777864196299
1.71081074822934
1.71383874240832
3.15427189849362
1.68950468455279
1.69255954311956
1.69561085704714
1.6986585221344
1.70170243820957
1.70474250899275
3.12743610429578
1.71641215681967
1.71937630311317
1.72233661870297
1.72529302386255
1.72824544195425
3.17311657708894
3.10276479797807
3.14882469633796
1.70745223074704
1.71037091976285
1.71328656938164
1.71619908246163
1.71910836541798
3.12288582308844
1.73045573107032
1.73329567167451
1.73613235887757
1.73896571459199
3.15918920897883
1.72191721435201
1.72476641678446
1.72761261808791
1.73045573107032
1.73329567167451
1.73613235887757
3.15077266781685
1.74155136046039
1.74432821231693
1.74710195428719
3.16111370892674
1.73877147445177
1.74155136046039
1.74432821231693
3.15284864439747
1.74968676731413
1.75240617728281
1.75512268248593
1.7578362120268
1.76054669747038
3.1793016527061
1.74696452601262
1.74968676731413
1.75240617728281
1.75512268248593
1.7578362120268
1.76054669747038
3.1793016527061
1.76303040951081
1.76568913518276
1.76834501091156
1.77099797249554
1.7736479579209
3.1969206043554
3.15733885901597
1.77603700009849
1.77863762094143
1.78123544944725
1.78383042731838
3.20633783179477
1.7629941957336
1.7656078311108
1.76821899710836
1.77082762472475
3.16757441520696
1.78617513407693
1.78872275228633
1.79126769248905
1.79380989981263
1.7963493211891
1.79888590530317
3.23057899502607
1.773398926575
1.77595904477875
1.77851678831763
3.16992384676934
1.80110276176475
1.80359430181938
1.80608316956517
1.80856931657758
1.81105269600624
3.24667589649738
1.78108060586925
1.78359157658253
1.78610032479884
3.17235676685806
1.81319110493831
1.81563139225267
1.81806906834862
1.82050408893787
1.82293641115138
1.82536599349686
3.26944086916268
1.78865545582897
1.79111907732983
1.79358061790043
1.79604001666286
3.18229794878738
1.82739198545454
1.8297804939952
1.83216641186613
1.83454969975418
1.836930319592
3.2844976052358
1.79854398014419
3.17010339272582
1.83888825945763
1.84122950970885
1.84356823341995
1.84590439446601
3.29233761530253
1.80111900775245
1.80349471954736
1.80586866408788
1.80824078238169
1.81061101717677
3.18728333450821
1.84783339506515
1.85013161875048
1.85242741338965
1.85472074466969
1.85701157932789
3.30675471824788
1.81309545252765
1.81542518663577
1.81775315357544
1.8200792994291
1.82240357184236
1.8247259199847
3.21098783094607
1.85887834501563
1.8611327573621
1.86338480003195
3.30767135921264
1.82708797671757
1.82937164319191
3.20640057651753
1.86525826252995
1.86747500744963
1.86968950220347
1.87190171575384
1.87411161798167
1.87631917965831
3.32807677828527
1.83176126916709
1.83400734144283
1.83625175664059
3.20888480702541
1.87810262262446
1.88027639054889
1.88244793221583
1.88461721976427
3.3352513461868
1.83863133408266
1.84083934646577
1.84304579971826
1.84525064721623
3.21812809698344
1.88637684833674
1.88851348331349
1.89064797252189
1.89278028938446
1.89491040808679
1.89703830356228
3.35472908115452
1.8475859000161
1.84975561939626
1.85192382613485
1.85409047615025
3.22720373412079
1.89871610758331
1.90081269178353
1.90290715642067
1.90499947753955
1.90708963186802
1.90917759680264
3.3736363237951
1.85638302131537
1.85851575212559
1.8606470148024
1.86277676762592
1.86490496998198
1.86703158233985
3.24900863320744
1.91077851191011
1.91283642731259
1.9148922524725
1.91694596575297
1.91899754612854
3.38607924028969
1.86922067234804
1.87131476301892
1.8734073501725
1.87549839632283
1.87758786496937
1.87967572057249
3.27014388997958
1.92055295162567
1.92257555571854
1.92459612145052
1.92661462867426
1.92863105780424
3.3982423284744
1.88176758383355
1.88382423357547
1.88587935444224
1.88793291267342
3.27833254625347
1.93014311689916
1.93213158671569
3.39291172484394
1.88999034519287
3.26808316614
1.93367791354302
1.93563907533229
1.93759835391364
1.93955573023953
3.39918545475297
1.89209834179764
3.25813239073904
1.9410845588306
1.94301545802995
1.94494453630586
1.94687177538157
1.94879715746305
3.41097260531177
1.89425386586658
1.89622151623888
1.89818796149933
1.90015316788157
1.90211710244415
1.90407973305236
3.27845037408628
1.95028499981203
1.95218479367571
1.95408280834698
3.41151515389442
1.90614553158179
1.90808034017545
1.91001391158051
1.91194621521749
3.28650346173021
1.95557764963354
1.95745073916527
1.9593221235088
1.96119178580961
1.96305970964608
1.96492587901838
3.4284094968354
1.913978503956
1.91588384019127
1.91778797250612
1.91969087177762
1.92159250957747
3.30019032531863
1.96635939846095
3.41820281425811
1.92356746609488
1.9254430418568
1.92731741791607
1.92919056716568
1.93106246313886
1.93293307999096
3.31920645492818
1.96784347548345
1.9696636974399
1.97148233532238
1.97329937316175
3.42420141724205
1.93482940144844
1.93667490289767
1.93851918554305
1.94036222470794
1.94220399629165
3.33218040201467
1.97476696212738
1.97656107907773
1.97835366033877
1.98014469055437
3.43013202606102
1.94404887045784
1.94586634246383
1.94768260516611
1.9494976355299
1.95131141104906
1.95312390973703
3.35030385125214
1.98159612217563
1.98336487178534
1.98513213192604
1.98689788782389
1.98866212505908
3.44113714350323
3.33577334747651
3.42650417342878
1.95494279940107
1.95671114703345
3.33227589709776
1.98981288307772
1.99153711307321
1.99325998310468
1.99498147848107
1.99670158485236
1.99842028819779
3.44251370785691
1.95856314637484
1.96030891525487
1.96205365476448
1.96379734283363
1.96553995787457
1.96728147877497
3.3500500534546
1.99984431484489
2.00154243772903
2.00323921154012
2.0049346227749
2.00662865823887
2.0083213050404
3.45814034306517
1.9690648206244
1.9707845272057
1.97250318805931
1.97422078296489
1.97593729214094
3.36221400173594
2.00969267179556
2.01136541332875
2.01303681830695
2.01470687429918
3.46368734619608
1.9776754285171
1.97937078465879
1.98106510197562
1.98275836150578
1.98445054469556
3.37412799808993
2.01606409949153
2.01771476913126
2.01936413979246
2.02101219948412
2.02265893648581
2.02430433933836
3.47876465027929
1.98614533875838
1.98781700089074
1.98948763211792
1.99115721463881
1.99282573102954
3.38580141398342
2.02561263010688
2.02723926486414
2.02886461378438
2.03048866580247
2.03211141010201
3.48879238253943
1.99447894227746
3.37743579171314
2.03338998230487
2.03499449104692
2.03659773861381
2.03819971455204
3.49399099180317
1.9961660533881
1.9977960847379
1.99942516983782
2.00105329157594
2.00268043319619
2.00430657828446
3.39385204929016
2.03946619473203
2.04105039043287
2.04263335924401
2.04421509105959
2.04579557599613
3.50373016798557
2.00593513110965
2.00754232214439
2.009148557061
2.01075382008838
3.40025755595474
2.04703406945731
2.04859726555077
2.05015925790411
2.05172003695447
2.05327959334721
3.51329840784178
2.0123614283861
2.01394821997195
2.01553407857335
2.01711898902517
2.01870293646965
2.02028590634785
3.41608615573449
2.05449113472668
2.05603387365767
2.05757543154272
2.05911579932394
2.06065496814034
3.52270132817188
2.02183908084698
2.02340414832446
3.41282754794833
2.061840539907
2.06336334369752
2.06488498867469
2.06640546625357
3.52754431965985
2.02497144321541
2.02651895077969
2.02806556918194
3.41434561712907
2.06758080381468
2.06908530378422
2.07058867502559
2.07209090922305
3.53234375081678
2.02962973080747
2.03115917137387
3.41127797635744
2.0732561605509
3.52414842444654
2.0327359441423
2.03424852989514
2.03576030791413
2.03727126440066
2.03878138581712
3.42202346791777
3.51181160571554
2.04032291819584
2.04181663511867
2.04330954889173
2.04480164647538
2.04629291507507
2.04778334213865
3.43705755953028
2.07422435726898
2.07568358123894
2.07714181763385
2.07859905773666
2.08005529300198
2.08151051505337
3.52534303414058
3.42515566834158
2.08271459435713
2.08415505336615
2.08559453214474
2.08703302257726
2.08847051670608
3.53440972253765
2.04933475262504
2.05079511057915
2.05225472528304
2.05371358415749
2.05517167485726
2.05662898526401
3.43997891288376
2.08965012812695
2.09107323138022
2.09249537026034
2.09391653705069
2.09533672418837
2.096755924251
3.54746516589302
2.05811554077758
2.05955757355486
3.43712088515366
2.09789885075878
2.09930405661925
2.10070830640342
2.10211159291538
2.10351390909608
3.55618931585895
2.06105512286871
2.06248214934721
2.06390846358926
2.06533405389558
2.06675890877722
2.06818301695052
3.4516007051929
2.10463431479246
2.10602298061184
2.10741070611783
2.10879748445876
2.11018330891256
3.56477666482505
2.06963504844583
2.07104456693895
2.07245336560499
2.07386143355274
3.45731184588539
2.11128193575013
2.11265444121926
3.56126866013682
2.07529679728322
2.07669060222855
2.07808370245852
2.07947608745184
2.08086774687507
3.46715053188717
2.11376840965494
3.55388401099271
2.08227359942856
2.08365134717423
2.08502839468037
2.08640473196118
2.0877803492005
2.08915523676086
3.48095405953535
2.11490902809573
2.11625638796039
2.11760289801777
2.11894855151258
2.12029334180915
2.12163726239231
3.56635248421634
2.09051972462038
2.09188107345534
2.09324171743737
2.09460164724232
3.48634053193854
2.12274437378091
2.12407570623617
2.12540619508553
2.12673583400209
2.12806461677309
3.57471583083105
2.09595140202936
2.09729808533229
2.09864407849563
2.09998937249719
2.10133395847169
2.10267782770524
3.49972576073577
2.12915094403451
2.130467432182
2.13178308951427
3.57528276125203
2.10398869380077
2.10531966366506
2.1066499403334
3.50093165422158
2.13287171794326
2.1341753031067
2.13547808191442
2.13678004839466
2.13808119667618
2.13938152099462
3.58728430735272
2.10795916669321
2.10927678475508
3.49820559582094
2.14043914274152
2.1417277001321
2.14301545736788
2.1443024088432
3.59157886001884
2.11059597340472
2.11190113685206
2.11320565996601
2.11450953441744
2.1158127520186
2.11711530472002
3.51123043939714
2.14535158393454
2.14662700539674
2.1479016441628
2.14917549478077
2.15044855189143
3.59954950373475
2.11839767450755
2.11968808908949
3.50856252437478
2.15147889714189
2.15274068178423
2.15400169532421
2.15526193254772
3.60373784441589
2.12098000921759
2.12225847725921
2.12353633006677
2.12481355982271
3.51366164035579
2.15628428166309
2.15753346862056
2.15878190098164
2.16002957366817
2.1612764816943
2.16252262015377
3.61515185664956
2.12609226410922
2.12735778978157
2.1286227122211
2.12988702384945
3.5187092825924
2.16351697722547
2.16475233318232
2.16598694072826
2.16722079508617
3.61920427580043
2.13115277994274
2.13240562263781
2.13365787375386
2.13490952594356
3.52370647985225
2.16820776541744
2.16943104519686
2.17065359230873
2.1718754020996
2.1730964699961
2.17431679149894
3.63032205814324
2.13616259343934
2.13740300482977
2.13864283596075
2.13988207970732
3.52865423036764
3.62016194650022
2.14112271047606
2.14235093481529
2.1435785898945
2.14480566880064
2.14603216472659
2.14725807097574
3.54091270210773
2.17505799505369
2.17625920820382
2.1774597277942
2.17865954925554
2.1798586680963
3.62768533147636
2.14846609754813
2.14968124811293
2.1508958267911
2.1521098270793
2.15332324257696
2.15453606697946
3.55295474676967
2.1808333618398
2.18202247190192
2.18321089806449
2.18439863594966
2.18558568124962
2.18677202972794
3.63856040875061
2.15571263565625
2.15691495902019
2.15811670874308
2.15931787870221
3.55762008843448
2.18772131445638
2.18889788516862
2.19007377731504
2.19124898676563
3.64243007941895
2.16048348538397
2.16167435431288
2.16286466043556
2.164054397803
2.16524356055942
3.56579500246079
2.19219152574641
2.1933571371066
2.19452208350475
3.64288055314108
2.16638887537346
2.16756795378223
2.16874647413414
2.16992443073531
3.57034163793759
2.19546673825306
2.19662224010307
2.19777709419049
2.19893129651808
2.20008484315639
2.20123773023369
3.6534394105949
2.17105936045408
2.17222742098392
2.1733949338547
3.57136078354978
2.20215844057447
2.20330209499406
2.20444510663282
2.20558747171998
3.65719522336957
2.17452884579933
2.17568662453795
2.17684387119442
2.17800058030315
3.57585845882403
2.20650184276355
2.20763514011395
3.65432714708203
2.17912430661744
3.57001276384898
2.20855985872385
2.20968420981461
2.21080795021425
2.21193107621201
2.21305358415083
2.21417547043365
3.66462691901478
2.18026472681021
2.18140295557459
2.18254068734922
2.1836779167258
3.57452454696312
2.21507739591124
2.21619053132298
2.21730306051194
2.21841497996292
2.21952628621438
3.67153733201684
2.18480802686571
2.18593598508113
2.18706345504205
2.18819043149159
2.18931690924336
3.582374215686
2.22041411773506
2.2215168438367
2.22261897178322
2.2237204981945
3.67516054366132
2.19042828766595
2.19154567927007
3.58007425297564
2.22460243250697
2.22569552658905
2.22678803377738
2.2278799507705
2.22897127431333
2.23006200120489
3.6851020254673
2.19266419566446
2.19377262534744
2.19488058862788
2.19598808045083
3.58449686441162
2.23092273941728
2.23200521299958
2.23308710423061
2.23416840997942
2.23524912716374
2.23632925274404
3.6948931781896
2.19709667699471
2.19819536475433
2.19929359405359
2.20039135997121
3.58888070168195
2.23716946050416
2.23824150625041
2.23931297436246
2.24038386187039
3.6983382767923
2.20149021106971
2.2025793266468
2.20366799150196
2.20475620084761
2.20584394996212
2.20693123418704
3.59975309998544
2.24121888093186
2.24228182371843
2.24334419950509
2.24440600538873
2.24546723850671
2.24652789603914
3.7079100468556
2.20800445064669
2.20908326836906
2.21016163365374
2.21123954196554
3.60400508689799
2.24734331968983
2.24839619645826
2.24944851093523
2.25050026036087
2.25155144201762
3.71430351521775
2.21230362388195
2.21337321069649
2.2144423526708
2.21551104538702
3.60822123303814
2.25235493623922
2.2533984804997
2.25444146996114
2.25548390196326
3.71760890848754
2.21656614692046
2.21762665945215
2.21868673455282
2.21974636791373
3.61240213735045
2.25628271425484
2.25731763305675
2.25835200703858
2.2593858335942
2.26041911016063
3.7238836510839
2.22079263935319
2.22184423027528
2.22289539098955
2.22394611729868
2.22499640506084
2.22604625019057
3.62283611375796
2.26120644330212
2.26223234274693
2.26325770453895
3.72415894972409
2.22706891835986
2.22811088610951
2.22915242256676
2.23019352375076
2.23123418572703
2.23227440462023
3.63311249631778
2.26404728704137
2.2650653751104
2.26608293753788
2.26709997182587
2.26811647551603
2.26913244618135
3.73328530083444
2.23327418201615
2.23430668370264
2.23533875345282
2.23637038748547
2.237401582068
3.64016434692957
2.26990424147124
2.27091308221378
3.73062945287364
2.23838628662242
2.23940990486671
2.24043309457847
2.2414558521138
2.24247817387567
2.24350005631976
3.65017193416333
2.27169361150408
2.27269540673996
2.27369669452873
2.2746974724775
2.2756977382266
2.27669748944908
3.73962587176328
2.24446306211274
2.24547751953441
2.24649154836669
2.24750514514307
2.24851830644929
2.24953102891249
3.66003327570678
2.27746072690997
2.27845356971983
2.27944590917804
2.28043774300358
2.28142906894908
2.28241988479812
3.74849817680269
2.2504729737413
2.25147841812549
2.25248343420498
2.25348801868512
2.2544921683172
2.25549587989389
3.66975213506857
2.28316632922969
2.2841503698607
2.285133911326
2.28611695145372
2.28709948810064
2.28808151915536
3.75724941823654
2.25641737735458
2.25741395358426
2.25841010210633
3.67048821327006
2.2888116508654
2.28978703613774
2.29076192651036
2.29173631991233
3.76026989320934
2.25933151011594
2.26032062238909
2.26130931702318
2.26229759091729
2.26328544100778
3.67710192052044
2.29246267885282
2.29343052734584
2.29439788930557
2.29536476270113
2.2963311455307
2.2972970358166
3.76884461332765
2.26419364450493
2.2651745812197
2.26615510399023
2.26713520982611
3.68073694875938
2.29800775401253
2.29896722235589
2.29992620836964
2.30088471011567
2.30184272568403
3.77455006960708
2.26803690795868
2.26901020753729
2.26998309981008
2.270955581848
3.68434590542546
2.30254406583407
2.30349576717362
2.30444699231538
2.30539773938807
2.30634800653951
3.78019573939872
2.27185086638991
2.27281664682204
3.68220093993858
2.30704017871011
2.30798423666801
2.3089278244658
2.30987094028586
2.31081358233877
3.78578280903702
2.27371803788282
2.27467719491841
2.27563596315184
2.27659433971366
2.27755232176759
3.68864664695337
2.31149679012759
2.31243332543062
2.31336939651072
2.31430500160758
3.78862337698109
3.6808855934666
3.78073464275139
2.27839613608575
2.2793419104234
2.28028731636249
2.28123235105221
3.68449962684025
2.31475375377039
2.31567827472026
2.31660235340513
2.31752598804059
3.78362222138566
2.28213266349366
2.28307133575226
2.28400964520023
2.28494758905225
3.68808778611145
2.31822130197287
2.31913904832089
2.32005635948753
2.3209732337188
2.32188966928442
3.78914051989449
2.28584147769078
2.28677315373551
2.2877044724325
2.28863543105871
3.69165043818993
2.32257615552789
2.32348679739897
2.32439700928416
2.32530678948587
2.32621613632472
3.79460311996553
2.28952298669282
2.29044777004145
2.29137220138336
2.29229627805279
2.29321999741586
3.69793945527607
2.32689398465317
2.32779763013576
2.32870085075246
2.3296036448557
2.33050601082022
3.8000110843538
2.29409558146489
2.29501322656978
2.29593052227955
2.29684746601942
3.70143212123429
2.33117540539951
2.33207216016371
2.33296849510424
2.33386440862449
3.80278403997653
2.29771697618179
2.29862793395495
2.29953854749573
2.30044881428484
2.30135873182798
2.30226829766178
3.71031329587567
2.33453063810083
2.33542101875145
2.33631098611403
2.33720053862197
3.80554291242487
2.30312072921987
2.3040244155888
2.30492775786633
2.30583075364183
2.30673340053153
2.30763569618211
3.71907898202261
2.33786362531436
2.3387477216549
2.33963141109797
2.3405146920997
3.80828782245652
2.3084714967128
2.30936801665593
2.31026419285462
2.31116002300468
2.31205550482508
3.72507958042405
2.3411746583235
2.34205255827709
2.34293005757599
2.34380715470769
2.34468384817336
3.81354807078395
2.312880440382
2.31377023799104
2.31465969462596
2.31554880805578
3.72838369627078
2.34533581242676
2.34620720753509
2.34707820660714
3.81373623362487
2.31636837110699
2.31725188027366
2.31813505343161
2.31901788839531
2.3199003830029
3.73428150294711
2.34773199877435
2.34859776245702
3.81143974481683
2.32070945690083
2.32158643472639
3.73232706802918
2.34925807812869
2.35011865953828
2.3509788611247
2.35183868141366
2.35269811895495
2.35355717230931
3.81913022068665
2.32240058348106
2.3232721029446
2.324143298136
2.32501416693066
2.32588470722902
3.73816776822349
2.3542048793617
2.35505883715877
2.35591241791252
2.35676562021234
2.35761844266307
3.82426984411149
2.32668856147092
2.3275537274896
2.32841857176453
2.32928309223843
2.33014728687221
3.74394893494099
2.35825849250449
2.35910629561266
2.35995372586985
2.36080078190952
3.82691739573619
2.3309410619101
3.73948821652556
2.36143790533623
2.36228000834416
2.3631217439858
2.3639631109192
3.82955201167232
2.33174461802463
2.33259859205254
2.33345225736838
2.33430561195263
2.33515865380258
3.74523483246884
2.36459732873544
2.36543380764278
2.36626992455257
3.82975863305836
2.33595223759829
2.33680011297946
2.33764768195232
2.33849494255873
2.33934189285555
3.75092391816242
2.36690572637207
2.36773701109877
2.36856794039721
3.82998061582765
3.744058375061
2.36920524119631
2.37003139322059
2.37085719624537
2.37168264896144
2.37250775007004
2.37333249829061
3.83737932998355
2.3400814583303
2.34091886883306
2.34175598709607
2.34259281116937
2.3434293391253
3.74973339802108
2.37395812353879
2.37477817126381
2.37559787241497
2.37641722573079
2.37723622996708
3.84232992471715
2.34421751526469
2.34504906493129
2.34588032440132
2.34671129177986
2.34754196519924
3.75535249107878
2.37785474092033
2.37866911220971
2.3794831406114
2.3802968248985
3.84488663654082
2.34832060080288
2.34914636917819
2.34997184941057
2.35079703966511
2.35162193812693
3.76091667487271
2.38091258733238
2.38172169750141
2.38253046962581
2.38333890250232
2.38414699493677
2.38495474575319
3.85209750391113
3.75423883931097
2.3855594354265
2.38636268411227
3.84996382674416
2.35235349306976
2.35316932473342
2.35398488131631
2.35480016099672
2.3556151619743
2.35642988246144
3.76221395185411
2.38697300753501
2.38777179645075
2.38857025671058
2.38936838714852
2.39016618661043
3.85479026699812
2.35719873216903
2.35800872908084
2.35881845096964
2.35962789608374
3.76528616371633
2.39076974618382
2.39156314831888
2.39235622520317
3.85499336724132
2.36039206083587
2.36119684299746
2.36200135374264
2.36280559135565
2.36360955413483
2.36441324040169
3.77311885289072
2.39296118651345
2.3937499137457
3.85292735632828
2.3651641280664
2.36596322474787
2.36676205019711
2.36756060276611
2.36835888082095
3.77849394881395
2.39436019432032
2.39514461218113
2.39592871702388
2.39671250771261
2.39749598312045
2.39827914214055
3.85997603971845
2.36910104790985
3.77439146963406
2.39887881758767
2.39965773304192
3.85794173821722
2.36985149304127
2.37064102617313
2.37143029829457
2.37221930778577
2.37300805303966
3.77973631223102
2.40026257390781
2.40103728463345
2.40181169074657
2.40258579114487
2.40335958473969
3.86267315944514
2.37374986588674
2.3745341859414
2.37531824673187
2.37610204668016
3.78270263026588
2.40395788952554
2.4047275355544
2.4054968799648
2.40626592168445
2.40703465965743
2.40780309283054
3.86958757782958
2.37683949911679
2.37761892885573
2.37839810263285
2.37917701889654
2.37995567611614
2.38073407277369
3.79027788439197
2.408391194069
2.40915554182374
2.40991958987724
2.41068333719994
3.8720144609726
2.38145910900056
2.38223320205833
2.38300703936528
2.38378061943257
2.38455394078682
3.79547630236101
2.41126892470965
2.41202863535836
2.41278805027759
3.87223267686494
2.38527082430864
2.38603990100018
2.38680872371168
2.38757729099342
3.79834894002687
2.4133748397
3.86808177773963
2.38829010965964
2.38905448394707
2.38981860745042
2.39058247874817
3.80120524867761
2.41397011259159
2.41472185756555
2.41547331856163
2.41622449455298
2.41697538452189
3.87270588915834
2.39129127809537
3.79727669154926
2.41756439341697
2.41831137069329
2.4190580666629
2.41980448032081
2.4205506106793
2.42129645675613
3.87945319321733
2.39200767255733
2.39276353776057
2.39351916260165
2.39427454566811
3.80014137098914
2.421875735725
2.42261772604542
2.42335943672259
2.42410086679337
2.42484201530005
3.88398566510313
3.79403795085563
2.42541529748104
2.42615264044906
2.42688970641047
2.42762649442483
3.88634787153495
2.39495877593271
2.39570653362188
2.39645406239578
