0
0
0.474066000190862
0.474082413193936
0.203951175131875
0.0539801117584739
-0.0275296139507406
0.474148060818566
0.203934515526897
0.0539455934993902
-0.0102386764787589
-0.0350657838994525
0.0397381031398785
0.474246517828787
0.203909504716526
0.0538938169509529
-0.0102802363131032
-0.0350945839096368
0.039779588225261
-0.0232444057634146
-0.0310944706219873
0.0403149696229534
-0.0232546540841537
-0.0310969225311752
-0.0343138653295119
-0.0351765166407967
-0.0348385470245396
0.0664122934264462
-0.0232321141259608
-0.0266771305571976
0.0376520869897372
-0.0291400938472977
-0.028944056613123
-0.0283735031018899
-0.0275986086612845
-0.0267213090886632
-0.0258029846755117
0.0659722723487199
0.028271031821818
-0.00654679500135236
-0.0233929270369975
-0.0311536094763604
-0.0343299484742021
0.0516133239141667
0.474754843462074
0.203779897570219
0.0536263704094908
-0.0104947069853356
-0.0352431285546539
-0.0438320032622378
0.0606248904797475
-0.0213637977391719
-0.0231871370577768
-0.0240567673105961
-0.0243248754713218
-0.0242142140445673
-0.0238672841319006
0.0492833793408503
-0.0785694798856676
-0.0212545207634054
-0.0210141790562896
-0.0206649728345266
-0.0202467909762649
-0.019787151096531
-0.0193050823330227
0.0487658072320365
-0.0314487165056737
-0.0346921450217268
-0.0355351139463963
-0.0351626439784711
-0.0341871581815355
0.0721390861734628
0.462495788468926
0.268858653291622
0.12464683518377
0.0412489389249509
-0.0234056466336805
-0.0293448352771122
-0.0287458890552226
-0.0279401031999568
-0.0270324781212284
-0.0260857750700583
0.0669812084379109
-0.0238078583632818
-0.0231220940330886
-0.0224182932320328
-0.0217151888193211
0.0596396253741076
-0.0181018169450043
-0.0177185288138962
-0.0173227411104492
-0.0169221879992647
-0.0165223830024985
-0.0161272231635817
0.0463466697229087
0.0246331954868244
-0.000978131215134237
-0.0151458675623944
-0.0227729064684489
0.0276804147190415
-0.0270492544207331
-0.0286085113544023
-0.0290457082902212
-0.0288381067478449
-0.0282650673863021
-0.0274924848668716
0.0617974240468171
-0.0174398687500834
0.0206073373820486
0.0543724723157919
0.00887298104572465
0.47585027413727
0.203497878789038
-0.0715222760122559
0.000518148849882882
-0.0245106694227935
-0.023980104606669
-0.0233634751815018
-0.0227026128029921
-0.0220246204130907
-0.0213469786581983
0.058595321069943
-0.000286952593687162
-0.00545993640882914
-0.00913966400166932
-0.0117335734607731
-0.0135378541711045
-0.0147668483071246
0.0210829480354033
0.476143712976588
0.203421701457821
0.052894551381206
-0.0269899346589119
-0.0200051941978602
-0.0194709465589419
-0.0189383671781198
-0.0184140367165172
-0.0179022682857445
-0.0174057905843088
0.0540591159178279
-0.0128984189746715
-0.0137387023571824
-0.01430359506623
-0.0146607476812397
-0.0148610204038709
0.0260647998560617
0.0981420235248565
0.0273883576934264
-0.0163852908025738
-0.0167002850075038
-0.0162808871824124
-0.0158724925736333
-0.0154763229397028
-0.0150930863220706
-0.0147231198613307
0.0498160344390834
-0.0223229487402259
-0.0219176067336819
0.0478119844438438
-0.013543023121537
-0.0136954599904996
-0.0137586670483263
-0.0137530365078715
-0.0136944459857888
0.0276408850568559
0.0276385544088569
-0.00706413205364942
-0.023784074069943
-0.031444847580592
-0.0345483530167262
0.0521538371370542
-0.0207239502272368
-0.0201493809567295
-0.0195771788406305
-0.0190147224803318
-0.0184667597801896
-0.0179362244135438
0.0559803678538
-0.0199398471923882
-0.0196422552446538
-0.0192800932671791
-0.0188774326542063
-0.0184512494381522
0.0459961560334323
-0.027050899849182
-0.0285634703991348
-0.0289779586922632
-0.0287606799872623
0.0554006850004527
-0.0172043955691341
-0.0167575340215574
-0.0163231056253955
-0.0159023873576696
-0.0154960860989265
0.051259780901993
-0.0247719250923089
-0.0246348589815374
-0.0242578428001848
-0.0237361867523809
-0.0231315405253887
0.0543680983709001
-0.0150049955534157
0.0464639928869497
-0.0159688673905124
-0.0156111232775745
-0.0152575934305805
-0.014910395776367
-0.0145710010903621
0.0447314517080013
-0.0129562760267672
-0.0129078458941675
0.0260323831467344
-0.0173629823672314
-0.0170203591126002
0.0415887826966959
-0.0140568782651506
-0.0137632248537888
-0.0134754932387254
-0.0131944414910231
0.0415127292915776
-0.0120892319914719
-0.0120505275520435
-0.0119827573759718
-0.0118920796924633
-0.0117834755059546
-0.011660981021582
0.0267330231654086
-0.0159888093792203
-0.0157127734837288
-0.0154225884981767
-0.0151242524578703
-0.0148222537612638
0.0396043592057509
-0.0111096335171142
-0.0110058431573109
-0.0108922952042377
-0.0107712410720899
0.02585695292539
-0.0147257890636768
-0.014380965449908
-0.0140471882507137
-0.0137245917911964
-0.0134131462062781
0.047329274470064
-0.0141529451664529
-0.0138981203823264
-0.0136411313196
-0.0133842566116785
-0.0131292239051443
-0.0128773323785477
0.03782328487525
-0.0129380161183074
-0.0126848780193894
-0.0124371258669516
-0.0121951875676033
-0.0119593429152896
-0.0117297567664086
0.0394447481837832
-0.01315616487067
-0.0128753566078326
-0.0126033926862005
-0.0123402133162693
-0.0120856879206483
0.0440722666024922
-0.0124805477698465
-0.0122589805749443
-0.0120399564311215
0.0354194329232922
0.0166539028451194
-0.00571676355701722
-0.0179405605151269
-0.0244160628796002
0.0308310768728255
-0.011522320926189
-0.0113132052907633
-0.0111091972048628
-0.0109103831361507
0.0371781217622911
-0.0119166596253193
-0.0116832006281012
-0.011456826792878
-0.0112374270463614
-0.0110248572746234
-0.0108189496083015
0.0413237359509855
-0.0105587370137916
0.0244472027190743
-0.0117356695904386
-0.0115399794758069
-0.0113464015250849
-0.0111555172070004
-0.0109677689161395
0.0338056725529796
-0.0188970613906841
-0.0220629189172925
-0.0237504905061796
0.0360319880324893
-0.0106805654904027
-0.010512219820548
-0.0103464186022149
-0.0101834324740211
-0.0100234633663405
-0.00986665715843205
0.032212604046004
0.0432363108268632
-0.00965265316010988
-0.0095099041635609
-0.00936976531182976
-0.00923232769970128
0.0305359247855197
-0.0198325556441286
-0.0208351186104497
-0.021308030934069
-0.0214276427572548
0.0392734375921531
-0.0102338361953042
-0.0101434351809229
-0.010045804159542
-0.00994251309469929
0.0240007303941749
-0.0189222606120724
-0.0190053350090411
-0.0189247994773701
-0.0187310233639927
-0.0184598772686005
0.0402236513773901
-0.0147385154791327
-0.0144410316534682
-0.0141453846109877
-0.0138534156380481
-0.0135664656392572
0.0407397183666462
-0.0109634337826775
-0.0107729280388964
-0.0105870179463768
-0.0104057486797148
-0.0102291251893871
0.0359587724875337
-0.0109366825441227
-0.0107366712065551
-0.0105426409872609
-0.0103544475452192
-0.0101719339910996
-0.00999493511577154
0.0397010083536853
-0.00923851051593139
-0.0091069397136031
-0.00897778267160187
-0.00885110111478626
0.0296284912849214
-0.021847554344965
-0.021367447700979
-0.0208429520073127
-0.0202962620493505
-0.0197423656878783
-0.0191913226691639
0.0534786543523769
-0.00872427589925617
0.0281058722145637
-0.0101480315024917
-0.0099826381111815
-0.00982121822167947
-0.00966376410995562
-0.00951024601011552
-0.00936061680515354
0.0343551157882229
-0.017153719593401
-0.0169420634691251
-0.0166860392330686
-0.0163999306848802
-0.0160943199570018
-0.0157770546764378
0.0401239195256629
-0.00862482808007337
-0.00851282958472621
-0.00840254128785234
-0.00829403748278057
0.0270583536478908
-0.00928316678671592
-0.00914254381525959
-0.00900527554081409
0.0327025252929938
-0.00987918659833986
-0.00978237614296895
-0.00968097702701287
-0.00957608065616256
-0.00946860303381358
-0.00935931275777346
0.0244773664792048
-0.0149708495729943
-0.0147080272796944
-0.0144379531908096
-0.0141643932432562
0.0377687920184087
-0.0101336858054313
-0.00995997305488938
-0.00979130826159813
-0.0096275498295475
-0.00946855207302288
-0.00931416727836809
0.0382486576119008
-0.00826554683224989
-0.00816213068348215
-0.00806030734172891
-0.00796012991513317
-0.00786163714911636
0.0263336642554035
-0.00900388712377698
-0.00887246582778123
0.0314079121033317
-0.0135796867891222
-0.0133462068852847
-0.0131105807038308
-0.0128747931324448
0.0356604092321435
-0.0091931959047844
-0.00909294609933997
-0.00899127969300606
-0.00888872098174509
0.0239005793843201
-0.00780356129374826
0.025260878485281
-0.00933628027875899
-0.00918779555869875
0.0365432614165477
-0.0124070872618227
-0.0122023400904617
-0.0119976739547573
-0.0117942025257557
-0.0115927901319143
0.0339456311856581
-0.00868507725106993
-0.00859183772865935
-0.00849791552996126
-0.00840366731118325
-0.00830939532021879
0.0233043457724669
-0.0077471247693619
-0.00765736887317836
-0.00756885501652838
-0.00748163046651895
0.0244894176356272
-0.00917731980259495
-0.00903548304929069
-0.00889738321254729
-0.00876292573641457
-0.00863201343207709
0.0348642378266308
-0.0136979027255667
-0.0134240407685108
-0.0131547462775069
-0.0128908654313032
0.0397753678001129
-0.00818347966236188
-0.00809602482681826
-0.00800858193409881
-0.00792136698046175
-0.00783456321761022
-0.00774832561649574
0.0229050192460929
-0.00861384824209399
-0.00848872040123316
-0.0083667369834175
-0.00824781842932176
-0.00813188394360265
-0.00801885221712284
0.0332729145035084
-0.0186627189319343
-0.0181889950307745
-0.0177185471382453
-0.0172559923584432
-0.0168044135414025
-0.0163657980003622
0.0511219647152155
-0.00765796712875444
-0.00757709649634242
-0.00749673349795266
-0.00741699225412762
-0.00733796901416384
0.0223691789759273
-0.00802701949397588
-0.00791795243365079
-0.00781150596575797
-0.00770761217597493
-0.00760620311261251
-0.0075072111664426
0.0318909860473293
-0.00914208128916716
-0.00900803864314259
0.0311242527588274
-0.0126634854224322
-0.0124246280940851
-0.0121902062870715
-0.0119607134567935
-0.0117364923054283
0.0378886388902326
-0.00888255076744482
0.0294873292883415
-0.00766076893704293
-0.007572341015051
-0.00748518402956777
-0.0073993362812862
0.0244834595739374
-0.0158574459056134
-0.0154775508756053
-0.0151073838950279
-0.0147478965153246
-0.014399647945689
-0.0140629098729261
0.0476395391215021
-0.011634472510201
-0.0114428609631371
0.0327987764799813
0.0433355859100009
-0.0110595007106989
-0.0108909156551783
-0.0107233339430025
-0.010557328021127
-0.0103933486731663
0.0312070919331773
-0.00737373193749191
-0.00729157306880979
-0.00721059329450302
-0.00713082080262006
-0.00705227620951665
-0.00697497360868615
0.0239203146663234
-0.0135505092004617
-0.0132754383423701
-0.0130060438177766
-0.0127429230860155
0.0404262180869266
-0.00747899920834927
-0.00739964623709333
-0.00732100399526237
-0.00724315267696574
0.0223963696558132
-0.00693493502974696
-0.0068611537524097
0.0231111606294936
-0.0123930477071023
-0.0121595092534638
-0.01193090975584
-0.0117075813301348
0.0378536828692613
-0.00896349993875456
-0.00883947554265663
-0.00871768466830836
-0.00859817885948877
-0.00848099085471687
-0.00836613776456929
0.028996291598959
-0.0114270913578486
-0.0112264064110108
0.0353421193353507
-0.0117304624677061
-0.0115189134450402
-0.0113119361940025
-0.0111097433669871
-0.010912467660912
0.0365954986837258
-0.00784092902825828
-0.00773623632904508
-0.00763405290945263
-0.0075343105693958
-0.00743694172306453
0.0319214478449725
-0.00691026769557479
0.0225843275490463
-0.0107021744216265
-0.0105224244799982
-0.010346706952155
-0.0101750958458664
0.0345506085602625
-0.0110173096588533
-0.0108346023338891
-0.0106551608969356
-0.0104792251676272
-0.0103069649480776
-0.0101384935537617
0.0337958301961847
-0.00687014347646431
-0.00680005744443191
-0.00673085398226148
-0.00666255989051057
0.0219808181639172
-0.0104519850044366
-0.0102943867917378
-0.0101386617825504
-0.00998512822967312
-0.00983403241405589
-0.00968556140924426
0.0308650426528605
-0.00660586433450239
-0.00654100394952417
-0.006476955591599
-0.00641373945384849
-0.00635137119255558
-0.00628986248706431
0.0214326163824496
-0.0100178733028422
-0.00986142176288052
0.0320726664698165
-0.00622999750640385
-0.00617161412874079
-0.00611399782989008
-0.00605715723237288
-0.0060010982195986
0.020815592504368
-0.00853302496355113
-0.00841806523613287
-0.00830534000128269
-0.00819485837755185
-0.0080866185891989
-0.00798060985736149
0.0287330055495183
-0.00764451378303643
-0.00754488322458691
-0.0074475990703553
-0.00735259760681695
0.0314724350428179
-0.00973464529089907
-0.00958950885195708
-0.00944701394723546
-0.00930725984543235
-0.00917031390509182
0.0307641154009921
-0.0102415388071628
-0.0100759424126569
-0.00991403368095667
-0.00975585547321756
-0.00960142059704172
-0.00945071780344597
0.0336302436992031
-0.00903003401464797
-0.00890321374039482
-0.00877877493649981
-0.00865675979124036
-0.00853719231435623
-0.00842008147868134
0.0294631824657028
-0.00932707953916079
-0.00918695698276206
-0.00905000384273624
-0.00891620505897339
-0.0087855321570588
-0.00865794596176028
0.0320245010586766
-0.00975143488655372
-0.0096078186227343
-0.00946659602895916
0.0300789988388677
-0.00772355412198822
-0.00763734249515391
-0.00755204454966385
-0.00746773887056407
-0.00738448968980387
-0.00730234883321812
0.0235733972605889
-0.00619853798326364
-0.00614008322666315
-0.00608243462949098
-0.00602559671601821
-0.00596957167068157
-0.00591435963048925
0.0210984463343638
-0.00813211728131558
-0.00802597417519657
-0.00792196720432337
-0.00782008316985039
-0.0077203025601067
-0.00762260070197174
0.0283837412134529
-0.00866888475981442
-0.00854614887842875
-0.00842618158372688
-0.00830894733853804
-0.0081944040633054
0.0308998762028967
-0.00939230231827548
-0.00925968358673657
-0.00912915080185861
-0.00900082442613659
-0.00887479372099409
0.0291099863961848
-0.00595541486940154
-0.00590095615030295
-0.00584726732092866
-0.00579434782525867
-0.00574219555819533
0.0207953523727538
-0.00854706400413552
-0.00843102443304566
-0.00831729781790214
-0.00820588636517239
-0.00809678208971876
0.0289872315603357
-0.00765801282629897
-0.00756289370582375
-0.00746968412723037
-0.00737836135330538
-0.00728889923768694
-0.00720126888784633
0.0276138589943928
-0.00801911923687915
-0.00791630489671935
-0.00781550484666105
-0.00771670990331752
0.0277910294282295
-0.00775049468912925
-0.00764793337158132
-0.00754781759930379
0.0318439755274336
-0.00884476416680735
-0.00872493997804269
-0.00860715062026696
-0.00849145767034709
-0.0083779035410384
-0.008266514626456
0.028314922360468
-0.00584028086973143
-0.00578764134752574
-0.00573575458641151
-0.00568461800126763
0.0206732302510884
-0.00756081560177924
-0.00746385277307693
-0.0073691161934083
-0.00727654882952622
0.0306247875966845
-0.00755094027840653
0.0236178580004724
-0.00819312508952108
-0.0080881249839071
-0.00798501781118743
0.0271827941775424
-0.00569202122703338
-0.00564216094050463
-0.00559299930740897
-0.00554453365124208
-0.00549676024047785
-0.00544967442319422
0.0202828828195825
-0.00729759817815767
-0.00720762168806699
-0.00711963398240389
0.0295490449918985
0.0196690595091884
-0.00781545529231242
-0.00771770232453206
-0.0076218377159738
-0.00752785064696382
-0.00743572507226709
-0.007345440636225
0.0273220308231747
-0.00795503759492355
-0.00785665860767359
0.0262093465767317
-0.0054802545035435
-0.00543468759763943
-0.00538971678255262
-0.00534534131070596
0.019278499512581
-0.00852274721536928
-0.00840317695191528
-0.00828634207669965
-0.00817219847028783
0.0309499973107359
-0.00733050830034598
-0.00724374433221897
-0.00715864158199997
-0.00707518178850153
-0.00699334387562112
0.0264319822572376
-0.00780880804115192
-0.00771536190796462
-0.00762338927288764
-0.0075329194491226
-0.00744397229658389
0.0254240634915792
-0.00695535461871921
-0.00687714141722906
-0.006800382069305
-0.0067250583248667
0.0254862270832641
-0.0072625605424349
-0.00717384530251353
-0.00708705788406705
-0.00700215326576104
-0.00691908636569649
-0.00683781225510749
0.0290022274779143
-0.00819754048458732
-0.00808705086887618
-0.00797900331154033
-0.00787335892415153
-0.00777007499556526
0.0299266650997634
-0.00775230479908906
0.0234895293576085
-0.00770004394692214
-0.0076024117696406
-0.00750685079055968
-0.00741332572339171
-0.00732179900287555
-0.00723223133249384
0.0286201389500362
-0.00747299801510182
-0.0073865164376038
0.0247517946309272
-0.00764530524795748
-0.00756243406672563
-0.00748028242499965
-0.00739894254996654
-0.00731849120711481
0.0228282436047564
-0.00769645662758867
-0.00759901986279166
-0.00750364101717571
-0.0074102858554479
0.0285163010222422
-0.00684415412170092
-0.00676844057256343
-0.0066941174134284
-0.00662116697443449
0.0251649960934883
-0.00736290346194457
-0.00727402057556092
0.0273533791236888
-0.00725336802684762
-0.00717728407000717
-0.00710199115884524
-0.00702754678607675
0.0221917494468067
-0.00730583161655374
-0.00721743349224291
0.0278959440614102
-0.00692526598971377
-0.00685563333996153
-0.00678674203873364
-0.00671863463759537
0.0214523148043999
-0.00743699697140154
-0.00735237987883486
-0.00726904819430574
0.0242498978906494
-0.00706617199791415
-0.00698181807278364
-0.00689928145272034
-0.00681851808412948
0.0288651227025087
-0.00668733750851902
-0.00661516856061817
-0.00654429837215076
-0.00647471047682258
-0.00640638698781704
0.0246851839332487
-0.00725013330907753
-0.0071639181440164
-0.00707943081631712
-0.00699664315750481
-0.00691552536403583
-0.00683604637423074
0.0271068094791449
-0.00725030586017172
-0.00717033969743075
0.0234985825027663
-0.00674250124756604
0.0209274578890677
-0.00680813983666562
0.0260937386304363
-0.00642449029066228
-0.00635785757143925
-0.00629239700854944
-0.00622809260696366
-0.00616492738786023
-0.0061028835792063
0.0240607124004475
-0.00711416193561121
-0.00703828133729156
-0.0069634086164001
-0.00688957281532954
-0.00681679617926589
0.022848018228651
-0.00694356712342026
-0.00686229995819321
-0.00678274942505319
-0.00670487493636862
-0.00662863613300635
0.0283114997781098
-0.00673790007806518
-0.00667316730363932
-0.00660902604103364
-0.00654552216565063
-0.00648269426490267
-0.00642057450415912
0.0206768595715001
-0.00753803974061196
-0.00744548279023993
-0.00735478453616512
-0.00726592017624705
-0.00717886209871454
-0.00709358044861119
0.0274549906047232
-0.00618996681859574
-0.00612782894062458
-0.0060667745395192
-0.00600678693719825
-0.00594784888352451
0.0237110443554405
-0.00685352689741414
-0.00678232249781929
-0.00671210693206103
-0.00664289723998857
-0.00657470557947393
0.0224954297344251
-0.00697070026806923
-0.00689155107292894
-0.00681390835008866
-0.00673775018019895
0.025889135980949
-0.00651682968440515
-0.00645206289445777
-0.00638820413989794
-0.00632526210969453
0.0217903982756738
-0.00677111874807979
-0.00669379988777918
-0.00661808486207027
-0.0065439358386663
-0.00647131529037004
-0.00640018610162341
0.0278533195562658
-0.00651055936230727
-0.0064485318055727
-0.00638719060735238
-0.0063265625876715
-0.00626666963368849
-0.00620752928460433
0.0206728886129532
-0.00640967884514709
-0.00634045377865045
-0.0062726058744923
-0.00620610308696889
0.0269167719545103
-0.00723108853436638
-0.00714521678084368
-0.00706106550099428
-0.00697860635332193
-0.00689780942272333
0.0270736097217277
-0.00611137407490381
-0.00605061295640974
-0.00599091159734799
-0.00593225283757925
0.0236649808795213
-0.00627544855025497
-0.00621383798160113
-0.00615317673877791
-0.00609346113424303
0.0221178334319385
-0.00625947968092433
-0.00619371260418677
-0.00612921917606424
-0.00606597072962545
-0.00600393890454698
-0.00594309570408524
0.026201990456155
-0.00606992680324137
-0.00601245030815301
-0.00595583551127954
0.0214764891361452
-0.00694352720711056
-0.00686425039083127
-0.00678652363753274
0.0263604865561706
-0.00591915961099643
-0.00586491882075624
-0.00581145841868402
-0.00575877619787768
-0.00570686857584157
0.0208757345663004
-0.00697803039404266
-0.00689856527746124
-0.00682062030706387
-0.00674417279239337
0.0259812431015745
0.0202135566782284
-0.00636924255465177
-0.00630859681463747
-0.00624870922133725
-0.00618959474152125
-0.0061312647735936
-0.00607372757798608
0.0208646765574649
0.0250494069245644
-0.00608985901983949
-0.00602952909655485
-0.00597024830074599
-0.00591199965313716
-0.00585476575789035
0.0236041167353362
-0.00663007143677896
-0.00656251102009497
-0.00649593776201485
-0.00643035863790542
-0.00636577721322407
-0.00630219409625621
0.0223838807238885
-0.00607456478829582
-0.00601871524752207
-0.00596359849528838
-0.00590922073485423
-0.00585558588090129
-0.00580269583490789
0.0204927138149247
-0.00626916170470637
-0.00620820504485986
-0.00614815197404595
-0.00608900218287034
-0.00603075329900638
0.0217631680172463
-0.00584651637219535
-0.0057943134789652
0.0201107572068029
-0.0059874498717799
-0.00593178684482631
-0.00587693619015894
-0.00582289538902625
-0.00576966047811156
0.0211238736700838
-0.0059610868272354
-0.00590320958945945
-0.00584632829818021
-0.00579042637752469
-0.00573548695854009
0.0233500779272224
-0.0062505762359687
-0.00618463700411942
0.0266515795512254
-0.00580840162263829
-0.00575740538961955
-0.00570706446390556
-0.00565738260296134
0.0197468045110589
-0.0057885034180587
-0.0057363865436425
-0.00568502437737739
-0.0056344129755469
-0.00558454731854452
-0.00553542145428543
0.0207422223351252
-0.00621716698250485
-0.00615241073435524
-0.00608889369319898
-0.00602658859543415
0.0258969422299729
0.020118164766417
-0.00600842905445087
-0.00594829722181289
-0.0058892733334962
-0.00583133409398073
-0.00577445638469365
0.0249798567583781
0.0268429941389499
-0.00583952920746
-0.00578397415426313
-0.00572936433983684
-0.00567568371421812
-0.00562291602824627
0.0231022868311119
-0.0060167590531548
-0.00596112383540559
-0.00590626719854714
-0.00585219004123383
0.0207826627819672
-0.00575445644515793
-0.00570430941930145
-0.00565481014889069
-0.00560596141779912
0.019676119035213
-0.00581957089247109
-0.00576767268114209
-0.00571648277816705
-0.00566600141876683
0.0202155645861952
0.024573030183463
-0.00726950422839179
-0.00718418926792019
-0.00710048539149022
-0.00701837591672549
0.0261158560547097
-0.00560638220043097
-0.00555887561817758
-0.00551197313438079
-0.00546567668281528
-0.00541998687860079
0.0193076674426576
-0.00594080068978431
-0.00588273678099127
-0.00582569898913254
-0.00576966810362756
0.023930518032075
-0.00699851291429776
-0.00691961560441734
-0.00684215927295972
-0.00676612895026407
-0.00669150741279412
-0.00661827557937067
0.0252969608471332
-0.00573159978033033
-0.00568125000388287
0.0199538011094069
-0.00579625055144894
0.023128287425535
-0.00731053027603057
-0.00722438520305768
-0.00713986262848099
-0.00705694700090009
-0.00697561973256777
-0.00689585973887552
0.0261718325769538
-0.00583250341101782
0.0205291937428993
0.0194064773097009
-0.00580974989376037
-0.00575520581155731
-0.00570156405025812
-0.00564881082430468
0.0225456080223803
-0.00552977342660432
-0.00548328591232727
0.019241690160495
-0.00563102333448595
-0.00558005646508386
-0.00552990523944596
-0.00548055766213351
-0.00543200144075362
0.0218839884819473
-0.00591369920204998
-0.0058562236900267
-0.00579975800109722
-0.00574428339390132
0.023803820306195
-0.00576052458512599
-0.00571118533632842
-0.00566242868338951
-0.0056142622880252
-0.00556669186031733
0.0191764749249181
-0.00551587946781495
-0.00547003394516532
-0.0054247604239448
-0.00538006081881981
-0.00533593582493963
0.0190012777357422
-0.00577446672268878
-0.00571987840054888
-0.00566622442325204
0.023234231766335
-0.00550480162487132
-0.00545609747743858
-0.00540816262818777
-0.00536098550011321
-0.00531455430037586
0.0216041956884676
-0.0056670376862481
-0.00561481512336748
-0.0055634596168076
-0.00551295653049499
-0.00546329109228882
-0.00541444845104477
0.0225899317124185
-0.00707717403475683
-0.00699565284354442
-0.00691568650409391
-0.00683725391088252
0.0260289151787141
-0.00564820068472827
-0.00560040517562876
-0.00555319196734205
-0.00550656564640639
0.0190818096531702
-0.00606358555492137
-0.00600706504018711
0.0208098371281547
-0.00681227039986732
-0.00673697395861428
-0.00666306275609385
-0.00659051845009062
-0.00651932117926779
-0.00644944985524043
0.0251697417710535
-0.00541804613289554
-0.00537081977055343
-0.00532433428244605
-0.00527857824195632
0.0214535444308772
-0.00600000441300053
-0.00594527273948497
-0.00589126685810759
-0.00583799115961126
-0.00578544800717373
-0.00573363798106141
0.0204035021885691
-0.0064568165198321
-0.00638890931447711
-0.00632222443086861
-0.0062567432885855
-0.0061924464802815
-0.00612931395161287
0.0244599542848916
-0.00559441208295963
-0.00554740657775976
-0.00550097754048751
-0.00545512859223396
-0.00540986191771065
-0.00536517842611917
0.0190675798894753
-0.00560876031080326
-0.00555732499225126
-0.00550674964438214
-0.00545701891284822
0.0227464758933764
-0.00562137330501988
-0.00557309038722109
-0.00552544691075385
-0.00547844280268173
0.0196073682086026
-0.00540032788693934
-0.00535340171116916
-0.00530720921511585
-0.00526173912647354
-0.00521698001778448
0.021386302849423
-0.0054594291435891
-0.00541403282962194
-0.00536922419084451
-0.00532500281465842
-0.00528136729635609
-0.00523831535508879
0.0191826638485146
-0.00719442713223684
-0.0071096838279946
-0.00702660437810043
-0.00694516385255695
-0.00686533550639068
0.0266549898975486
-0.0054583542943526
0.0189247203933676
-0.0062686010328703
-0.0062042497513588
-0.00614105305752355
0.0242682016923237
-0.00542493180961856
0.0183560764021333
-0.00558347644001711
-0.00553254943152803
-0.0054824689527494
-0.00543322002390134
-0.00538478762651751
0.0226225793490908
-0.00539810685021702
-0.00535529828723602
-0.00531295656941755
-0.00527108804253629
-0.00522969762147307
0.0179772387509203
-0.00539225113962505
-0.00534491553692118
-0.00529834360272696
-0.00525252202285509
-0.00520743747692676
-0.00516307667266813
0.0220290841582769
-0.00693373237690953
-0.00685485453621881
0.0260415209977733
-0.00603113887998774
-0.00597485407771114
-0.00591937428419387
-0.00586469899321485
-0.00581082602251881
0.0210094637150353
-0.00539968114406786
-0.00535479811660977
-0.00531051799368443
-0.00526683803603678
0.0193570831823258
-0.00626365249471084
-0.00619962571897836
-0.0061367336241559
-0.00607495814742476
0.0240297428358951
-0.00686598019187246
-0.00678939585627691
-0.00671422854097603
-0.00664045961822279
-0.00656806884504957
0.0253030435709407
-0.0060623311006589
-0.00600260603159153
-0.00594390444729676
-0.00588621063510142
-0.0058295083925517
-0.00577378114034954
0.0233058230192376
-0.00531280491646025
-0.00526940445848278
-0.00522658038327972
0.0190938972550359
-0.00656442858131312
-0.00649437293110633
0.0245106438028813
-0.00577408927454293
-0.00571989736847567
-0.00566660847740807
-0.00561420803567847
-0.00556268122849879
-0.00551201306455418
0.0226621697962237
-0.00523423638712717
-0.00519237007452533
-0.00515104402235456
-0.00511025618682248
-0.00507000384752321
-0.00503028368734382
0.0187691026430594
-0.00562714526693275
-0.00557557004866516
0.0224433135173887
-0.00501107243929078
-0.00497267040239013
-0.00493475927342535
-0.00489733603028031
0.0183163571121636
-0.00653926908595526
-0.00647036336802831
-0.0064026574128988
-0.00633613746188311
0.023979696243178
-0.00489006204650289
-0.00485366179472912
-0.00481771605423753
-0.0047822220366226
-0.00474717656426671
-0.00471257611633524
0.0179590007858028
-0.00548160661823016
-0.0054322219698214
-0.00538366015100422
-0.00533590577760679
-0.0052889435363066
0.0227321708734143
-0.00563854091813332
-0.0055866844602277
-0.00553568764875356
-0.00548553584600531
-0.00543621429988428
0.0225412995118357
-0.00637027943462953
-0.0063050093590451
-0.00624084956748461
-0.0061777873818244
-0.00611580893176222
0.0234537761233604
0.0223199103023222
-0.005331985150133
-0.00528539016047569
-0.00523955322482716
-0.00519446035956816
-0.00515009766239394
-0.00510645133768572
0.0222663273125012
-0.0061052542714316
-0.00604531782603535
-0.00598637508953781
-0.00592841381746123
0.0227762964884688
-0.00577735114660904
-0.00572390503816689
-0.0056713064905376
-0.00561954490256789
0.0218013065898879
-0.00552278505418291
-0.00547305304176171
-0.00542413430641775
-0.00537601488985073
-0.00532868076957294
0.0222703353325591
-0.00561029867007545
-0.00556011334087037
-0.00551070061508707
-0.00546205110231801
-0.00541415493526332
-0.00536700185205097
0.0212358656611944
-0.00596796532278443
-0.00591082038243484
-0.00585460289229311
-0.00579930156585762
0.0223206607052489
0.0194803145856328
-0.00536704001110966
-0.00532018316116678
-0.00527407514719525
-0.0052287031918139
-0.00518405449030679
-0.00514011624568744
0.0218222509752957
-0.00579486572571275
-0.00574119777085758
-0.00568837587710247
-0.00563639000104144
-0.00558522948027629
0.0217394452615627
-0.00500431013250546
0.0186284052090073
-0.00543384496505783
-0.00538665038010844
-0.00534017621639959
-0.00529441279556497
-0.00524935014080186
-0.00520497803599562
0.0209771740889817
-0.00590660172082125
-0.00585500146495566
-0.00580398389499737
-0.00575356136600458
0.0192295078099416
-0.00534586307417406
-0.00529874408802233
-0.00525240325597376
-0.00520682561248542
-0.00516199633042558
-0.0051179007426263
0.0226397006743815
-0.00648031584853914
-0.00641395329355809
-0.0063486550884464
-0.00628441618648878
-0.00622122949353943
-0.0061590861675771
0.0228999342439868
-0.00526687635423739
-0.00522245404465926
0.0206825876782828
-0.00529061199591385
-0.0052449240833824
-0.00519996599062134
-0.00515572481376836
0.0218542683374205
0.0188271685066352
-0.00517885206913182
-0.00513470495446822
-0.00509127016609612
-0.00504853406107486
-0.00500648315050023
-0.00496510411444984
0.0222481131284189
-0.00575198040581859
-0.00569888686697329
-0.00564663723654923
-0.00559522058356932
-0.00554462547168
0.021821733232152
-0.00498441713312991
-0.00494366900317711
-0.0049035579292932
-0.00486407190859495
-0.00482519908973067
0.0217104853064585
-0.00623380346597557
-0.00617191439933462
-0.00611102553000598
-0.00605112817783837
0.0225735010312558
-0.00484143069224996
-0.00480317284033194
-0.00476549642577706
-0.00472839076124376
0.021197509940438
-0.0052737454716536
-0.00522838759433886
-0.00518375076489119
-0.00513982234313792
-0.00509658971580162
-0.00505404032404166
0.0217481763820084
-0.0060542346910587
-0.00599600821374102
-0.00593869869802355
-0.00588229814458607
-0.00582679744885239
0.0220246757614473
-0.00506705291481868
-0.00502529351912873
-0.00498417837222564
-0.00494369622037782
0.0212240224266169
-0.00535167741662412
-0.00530716019395849
-0.00526325451629417
-0.00521995618008031
-0.0051772603582787
-0.00513516168156258
0.0195301652893305
-0.0054687088438512
-0.00542075510487927
-0.00537354006559487
0.0211110048233289
-0.00512089522662418
-0.00508010602244346
-0.00503986907515019
0.0190353077409748
-0.00536040755085621
-0.00531466498663113
-0.0052696044691517
-0.00522521740702442
0.0205428826818526
-0.00501952758676316
-0.00497864311024498
-0.00493838195340768
-0.00489873340802138
-0.0048596868157269
0.0209865773967461
-0.00610944670608826
-0.00605498814550465
-0.00600109366688095
-0.00594778415738828
-0.00589507690252056
-0.00584298598774113
0.0194413257566342
-0.00595554606585214
-0.00589896120872913
-0.00584327145985575
-0.00578846761706819
0.0219379499881522
-0.00579646223439789
-0.00574674841511524
-0.00569759082180288
-0.00564900043432603
-0.00560098595398995
-0.00555355405292379
0.0190032510782541
-0.00530946313174474
-0.00526461339032114
-0.00522042655695054
-0.00517689432178015
-0.00513400807496811
0.0203803265280882
0.020858358190023
-0.00511208727348644
-0.00507067499555414
-0.00502985703570469
-0.00498962586211693
-0.00494997372803074
-0.00491089271206391
0.0198286394480289
-0.00501234674720452
-0.00497194393420486
-0.00493214061640579
-0.00489292739943825
0.0203902762619999
0.0215831632281698
-0.00596081085367028
-0.00590313644043283
-0.00584642905709176
-0.00579067446059556
0.0228310573085617
-0.00588674574267067
0.020886697972939
-0.00494808705939276
-0.00490930951683766
-0.00487107993236513
-0.00483339097596625
0.0195134212847197
-0.00585108771267051
0.0202119117633048
-0.00530018736101123
-0.0052562876357729
-0.00521299918530471
-0.00517031680409152
0.019581046818679
-0.0058113429641955
-0.00576013128022657
-0.00570957078186274
-0.00565966591166389
-0.00561041933570861
-0.00556183215015449
0.0197213111007533
-0.00516843501399866
-0.00512685097429122
-0.00508583206421598
-0.00504537353222179
0.0191454676866352
-0.0048986336803899
-0.00486070200103528
-0.00482330045963153
-0.00478642205614521
-0.00475005966545139
-0.00471420606481887
0.0193358417095693
-0.00556541849603542
-0.00551807509529467
-0.00547134587647014
-0.00542523133864703
-0.00537973080421983
0.0193500883151343
-0.00472402888178058
-0.00468882837045148
-0.00465410890724627
-0.00461986395434388
-0.0045860869043568
0.0189418565624768
-0.00582020053928378
-0.00576905773327685
-0.00571854979175679
-0.0056686826525818
-0.00561946034430416
0.0195593951507154
-0.00512724847483748
-0.00508631872240428
-0.00504594242644685
-0.00500611485311875
-0.00496683085310223
-0.00492808491753938
0.0190630046822
-0.0054209613056635
-0.00537588466481542
-0.00533139496983215
-0.00528749120744632
0.0190949780694885
-0.00518261218517835
0.0210417676751653
-0.00538943633361322
-0.00534095430936754
-0.00529329750870111
-0.00524644886386916
0.023473862945907
-0.00518104678435927
-0.00513798132751464
-0.00509555982529608
0.020504350967073
-0.00529446833089853
-0.00525159082065318
-0.00520926151819334
-0.00516747923593774
0.0187311542713329
-0.00569156961866046
-0.00564234504102357
-0.00559374553715364
-0.00554577412787105
0.0194102151981326
-0.00474397962214901
-0.00470832373404317
-0.00467316129259343
-0.00463848533530731
-0.00460428884687225
-0.00457056477798867
0.0191573014534638
-0.00514720740165642
-0.00510488279894705
-0.00506318050191468
-0.00502209189008629
-0.00498160817739557
0.0202152048486117
-0.00535336381581719
-0.00530561134220886
-0.00525866401149044
-0.00521250540781992
0.0232393492484391
-0.00460591133192922
-0.00457235564660652
-0.00453925601856586
-0.0045066058923714
-0.00447439869270305
0.0188694529463156
-0.00500881558794397
-0.00496882369218643
0.0198256152013756
-0.0062512238905813
-0.00618726440981388
-0.00612443541384355
-0.00606271901735156
-0.00600209675518037
0.0239533482901257
-0.00450242036704362
-0.00447046821872432
-0.00443894201910056
-0.00440783568706327
-0.00437714313205662
-0.00434685826558845
0.0185693544818128
-0.00567447984108038
-0.00562537920927486
-0.00557690964554114
0.0194280399129116
-0.0053143515637728
-0.00526738297303564
-0.00522119835386703
-0.00517578195975077
-0.00513111825308876
0.0229872583687489
-0.0060390831276228
-0.00597939829786842
-0.00592074435033452
-0.00586310462945783
-0.0058064620844217
-0.00575079937257272
0.0234108636182331
-0.00558073378199708
-0.00553350561466526
-0.00548686544659649
-0.00544081605690594
-0.00539535885517606
0.0190814232462648
-0.00529922519713855
-0.00525475686822652
-0.00521093128786876
-0.0051677413069936
-0.00512517940036838
0.0200439504982219
-0.00546198658190944
0.0193155298888896
-0.00578128794675292
-0.00572652368841586
0.0228602846455883
0.0185901121809913
-0.0056968798870437
