0
0
0
0.878011890534801
0.754462238523842
0.629986944733958
0.913602465309574
0.878011890534801
0.754417038624728
0.629907638181349
0.530611394092911
0.45721900170611
0.926855169271559
0.893263060436812
0.789358651767625
0.676449399225655
0.578559306343793
0.501965090835105
0.931958840795243
0.878011890534801
0.754281457904628
0.629669828455544
0.530341213478787
0.920871169359495
0.878011890534801
0.754224981220732
0.629570801374075
0.530228744357097
0.456842792886168
0.402569134952866
0.931988178901636
0.504192001561448
0.456262961540458
0.417321278379082
0.385306765273726
0.949286051684166
0.878011890534801
0.754089523812092
0.629333372004754
0.529959180384783
0.456577873959205
0.402320897814705
0.932016050371081
0.598355439467662
0.525681598382326
0.468272128972029
0.422859739543585
0.886195674255783
0.469244310845178
0.423490196735199
0.386847846443743
0.3570017804779
0.946606308180347
0.525996952586005
0.468616416188192
0.423209826488046
0.386798001467632
0.357105874042236
0.332484952317573
0.949340684164419
0.377780905169751
0.354122516825207
0.333826943283248
0.316232059842025
0.300831439792739
0.287234053680124
0.961261057265565
0.437376846126046
0.404693433897922
0.377229643700903
0.353886924854028
0.333826328218637
0.956066765093535
0.878011890534801
0.753673317803599
0.628604572725029
0.529132555737424
0.920987527873519
0.354349268625888
0.333937504208297
0.919876236349086
0.423648577627143
0.386564823467161
0.943627411016637
0.352411146719091
0.33503867677731
0.31967263577889
0.305984238541374
0.964182931287717
0.525077447831956
0.467860110950459
0.422582906703916
0.386270891218278
0.893982235549246
0.965490399211948
0.423452759824413
0.386365407761493
0.356235318811469
0.946682632524797
0.404736960798465
0.377245668866152
0.353882936897971
0.333807657516943
0.877014061056784
0.350148143673849
0.33661240165022
0.324316506261192
0.313097805706941
0.302819800129205
0.951455418990186
0.377313860708469
0.911376497755209
0.352042010641486
0.334883859184611
0.319686596973007
0.30613207533265
0.865893552923781
0.315785287131727
0.306238149943478
0.297397386613292
0.289186070903755
0.281537819215509
0.274395112090328
0.977303627429125
0.402180281184296
0.376661029906491
0.956057649070842
0.405281698423986
0.377095163790787
0.353234979020443
0.332801272319868
0.315112408225032
0.958035326891869
0.352046645074018
0.33459979449449
0.319178802673443
0.30544991482811
0.293146455724975
0.282053643619974
0.966784832345667
0.285962702254752
0.279066319250811
0.272587026799295
0.266486884118736
0.948661598771282
0.393774235684168
0.371022543372023
0.351229349323837
0.927906583594801
0.298380215960095
0.288058360438426
0.278617761513637
0.269947253251303
0.261953420908869
0.972879102992278
0.391921864333324
0.370940480463292
0.352500001681335
0.33617624511855
0.321628511534539
0.965583588002497
0.306045424486019
0.293250345652558
0.281759530508908
0.271378654941345
0.261949738494412
0.253343227473657
0.970067763331248
0.366769561758744
0.349796655782076
0.334648926921451
0.321049793186215
0.966857971330814
0.971054575848788
0.322329281934014
0.309813949294658
0.298473895787744
0.969044880198084
0.276082045723944
0.268351319853025
0.261165799420046
0.254467697883443
0.934484097426422
0.293483091911812
0.284258465522738
0.275753851164525
0.267885747995204
0.954619323549378
0.336865711205464
0.323754758157604
0.311865018914557
0.301032330365088
0.291119828137513
0.282012767403654
0.94525799454044
0.267166722975021
0.260646354379387
0.254530060132469
0.248779895451642
0.243362521650469
0.23824853694463
0.980960183340621
0.335470808972102
0.323105033557942
0.31183324525452
0.301515408833431
0.292033702637257
0.28328849384922
0.930791734793852
0.249416524159013
0.244366038275786
0.2395785628827
0.235033075232628
0.983382874222147
0.334149044780469
0.318301547910439
0.30424180665024
0.291680423756426
0.280385823233518
0.966912957850834
0.296313032676118
0.288027583016775
0.28031797870493
0.273124599303508
0.266395683823651
0.941036831689972
0.313138488173484
0.302482799866168
0.292713699460675
0.283722893651717
0.275418721922426
0.26772318553817
0.975342364713356
0.297192564710486
0.286675071061977
0.277076398906499
0.268277997981039
0.260180679272692
0.973035620047125
0.281189212067816
0.273477740183895
0.266297498662342
0.25959357000342
0.963136198257465
0.278031314466676
0.271491175997272
0.265339183013754
0.259540546462272
0.254064494060908
0.981553777227
0.277093819672178
0.27077611923946
0.264822173307507
0.259200308433262
0.970175005970418
0.295665059287833
0.286841570334959
0.278672022991164
0.271084354362158
0.26401660155138
0.960375465367621
0.264607193562631
0.259234931545433
0.254140545244694
0.249302106574002
0.244699935148635
0.240316321426885
0.984736562004419
0.274672841654543
0.26682300266785
0.259538603670828
0.252758448947788
0.24642984837096
0.959848128077716
0.269588451511273
0.952858611961138
0.259240910684918
0.253078796340238
0.247290739557077
0.241842202547732
0.236702783993111
0.981130986997096
0.280772293395572
0.273229669440911
0.26619643934239
0.259620935328877
0.253458213904461
0.247669016254205
0.904846482957534
0.279532442256312
0.984619916758904
0.245271957262272
0.240532833495221
0.236029941694717
0.231745157158583
0.227662175585388
0.223766291601857
0.975308128981984
0.276422329650789
0.269493369960143
0.263002835591102
0.256908892240202
0.943069314708849
0.233417885977559
0.22952610100149
0.225802833049448
0.965454056619437
0.268315136779729
0.262396543633039
0.256809725480649
0.251526426898995
0.24652150859473
0.955774294713872
0.249809105276194
0.245340366315335
0.241077232273408
0.237005132273847
0.947372902554389
0.234897222234443
0.231161163676381
0.227579199842265
0.224141452541886
0.979957357447688
0.9764698789941
0.248058115593064
0.24286688062466
0.237955412257577
0.233300587872721
0.228881780124084
0.224680531515101
0.957307929597084
0.2889919083572
0.283043179648199
0.277401404153097
0.272042687881138
0.266945526757604
0.976164480553069
0.23267563408484
0.229209549719833
0.225877401351916
0.222671122613644
0.219583288773594
0.972354071820199
0.259158490624443
0.254757517623479
0.250547523317468
0.246515769245816
0.242650626517119
0.238941459117877
0.979370942149646
0.271811277475188
0.264949329003887
0.258526003542755
0.252498952908147
0.246831101061765
0.951041641489704
0.96883655650036
0.963331504465603
0.227560905222477
0.224432867627733
0.221416515053063
0.218505606177752
0.215694361700679
0.212977422462536
0.983343482045161
0.25934033235835
0.253434889332173
0.247873130949543
0.24262459562901
0.237662327188459
0.232962389997287
0.983539878834948
0.247118291646653
0.243380102289975
0.239787310709024
0.236331153476345
0.971734192337462
0.234979545030435
0.23067024185153
0.226566209781629
0.222652322870687
0.218914920476074
0.215341634609829
0.9500097490341
0.289798449769658
0.28434249627297
0.27914387507069
0.27418423924924
0.977706309485359
0.258345644630192
0.968813612467821
0.282401279111894
0.277581733636684
0.272969106294675
0.268549883368085
0.264311692063432
0.970539063779069
0.269439783520496
0.957149637833533
0.244127916402003
0.240634691633135
0.237270093338105
0.234026762083843
0.963174655081349
0.224837991440771
0.974524381991172
0.272270388157468
0.957041458415089
0.271946294011349
0.267762444417845
0.263741391683201
0.259873424760614
0.256149586223087
0.964795010087051
0.241493410621475
0.238243219293449
0.235105583407009
0.232074429022885
0.229144114614985
0.226309393537842
0.993377383969981
0.282186927400796
0.276395355654078
0.270903301212725
0.265687324529914
0.260726350834333
0.948432665552116
0.961685961759064
0.97716156319477
0.220406998994261
0.217513793255952
0.214719610295519
0.212019126761016
0.20940739947091
0.969047298813003
0.233273860468817
0.230407008145468
0.227631004937853
0.224941338647085
0.987436633060481
0.274236203911075
0.270282209971205
0.266471933921165
0.262797361526612
0.259251059855176
0.255826126658796
0.985846861043969
0.243702454957777
0.238834487831856
0.23421779607194
0.985268153249977
0.279919311493022
0.27377662110805
0.267974074858446
0.973959782920825
0.216765269788416
0.214090176751849
0.211501202047678
0.208993977942179
0.206564431580845
0.972208949646418
0.269845725286887
0.264891911793777
0.260169161663275
0.255661024911163
0.251352572401897
0.247230227052507
0.952154334005205
0.213582404788493
0.211120032771847
0.208731670829065
0.206413803414788
0.204163137711774
0.981547376997912
0.973730222373391
0.277975735098975
0.272294789714995
0.266907307455769
0.261790304417081
0.964023543550898
0.262470446126968
0.258983850664754
0.255614721187052
0.252356940849529
0.95949434877983
0.247440124125412
0.243123434293243
0.239000890773767
0.235059027305824
0.231285601965552
0.227669462203972
0.970282241610905
0.210805886249287
0.208495521467404
0.206251144748001
0.969592342155197
0.271104563309522
0.266070969438079
0.261274705472359
0.256698708351432
0.252327506989766
0.955942525624207
0.25886037170076
0.255589302454439
0.25242315669124
0.981062616575688
0.259816357288999
0.254696247137018
0.249834332040292
0.245210701564299
0.240807444433495
0.236608406731986
0.988203542408061
0.255713695031801
0.251514649020661
0.247492349042179
0.24363533836715
0.981591517211859
0.260952630759847
0.25661495517176
0.252461494340807
0.248480230259089
0.244660168473446
0.948228327081824
0.258746558386056
0.965837476243373
0.231631998388929
0.228709973899008
0.225883337736334
0.223147213102813
0.963440860048038
0.236382570673943
0.232679921996388
0.229127740823227
0.225716530083313
0.222437582820645
0.952259374510513
0.264993893066241
0.261716789334188
0.258542053547659
0.255464739557591
0.252480213989851
0.984001739883391
0.25181958034134
0.247939176196173
0.244212331066865
0.240629655990172
0.237182514963378
0.233862951725744
0.992548160157222
0.24598396517156
0.241729122384161
0.237664295299385
0.979882950873038
0.212764580723759
0.210369667447819
0.976407579307353
0.246678486220075
0.242655729041015
0.238802175944756
0.235106828110461
0.231559625280912
0.228151348535039
0.97257520150347
0.252704972231377
0.248815785988997
0.245080252962214
0.974349511009259
0.217080656726185
0.21464857160025
0.212287370351562
0.209993790293636
0.991276377910886
0.258449815540313
0.255404261517195
0.25244962552946
0.249581692241044
0.977811993583226
0.236350701940637
0.232924030555019
0.229626133723089
0.22644947874058
0.223387114490497
0.220432616649403
0.976321793775844
0.216447794956204
0.214114911874669
0.211847354576106
0.209642230196869
0.986243247596574
0.255455634586386
0.252580113861086
0.249786589093135
0.247071419687932
0.244431177711217
0.241862632803842
0.963480514858408
0.23070073236137
0.227274399831155
0.223980545129189
0.220811186204121
0.217758976636159
0.21481714378299
0.967316218197128
0.215871241777094
0.213622603858364
0.211434753821982
0.209305089869473
0.207231158864901
0.981126807677352
0.247466780664136
0.24487782824416
0.242357611337674
0.239903273172527
0.237512113825187
0.235181579720025
0.959371263738944
0.222722139299358
0.219744203782374
0.216870246114396
0.214094576349649
0.211411917772833
0.987730064080357
0.228024222112341
0.224977399445636
0.222036533555856
0.219195859557856
0.986921564904667
0.230045953658027
0.227062966146634
0.954526632733899
0.218841191647116
0.961787556844774
0.213213620364925
0.211075752934884
0.20899350976372
0.206964594961115
0.994836436178311
0.226148578674474
0.987957884280039
0.234334499270262
0.231339777332102
0.228444103805798
0.225642357575981
0.222929767947823
0.984211806737834
0.240552574896281
0.238151654179788
0.235811677999649
0.233530214878492
0.231304961898373
0.229133736385832
0.983950682400168
0.212832848345968
0.210758024210688
0.208735616813792
0.972736331171509
0.25292824715613
0.248980365014238
0.245190806630106
0.241549773131668
0.966922355990905
0.214502453888852
0.212457687806592
0.21046329863028
0.208517315194326
0.206617869471503
0.204763189911011
0.979088781315842
0.234389823017771
0.232180394022366
0.230023969223175
0.227918542058866
0.225862206931301
0.973380493191386
0.229781885821011
0.991312960143379
0.24150728866106
0.237864218510774
0.23436334883747
0.230996068662705
0.22775445364977
0.224631199441129
0.95851155264486
0.230976665571779
0.228898133539316
0.226867150717249
0.224881996015121
0.980701565855058
0.226575948393158
0.223587760456674
0.220702253614622
0.21791390392058
0.215217581466197
0.988468325544353
0.232379305061804
0.22923924500955
0.226209402111936
0.223283736147977
0.988141612011823
0.222459333178537
0.219746543743556
0.217119977559856
0.214575328326335
0.212108575622166
0.20971596159585
0.982716461643976
0.23063529974452
0.227699116776179
0.22485999341287
0.222112908630519
0.219453185584899
0.98835762395361
0.988591881338987
0.993501537840928
0.243987882929536
0.240696615199573
0.980066828426155
0.226362746424113
0.223691027772829
0.221101179265706
0.218589260040722
0.216151581222339
0.213784686145917
0.959924672248811
0.229861881398645
0.227787480910106
0.225760754200544
0.223779967600899
0.221843471414663
0.219949694918588
0.986752824267748
0.261290957133698
0.257254462056115
0.253377351847579
0.249649945504324
0.246063330480201
0.242609289017286
0.971657196610692
0.2366453535122
0.233626836394617
0.230707928661612
0.227883497826097
0.225148761141623
0.985835281057092
0.250027589943217
0.246597525158982
0.243288378114489
0.240093540373858
0.988974992239236
0.216454860847076
0.213957050163503
0.211534553782726
0.209183791230537
0.206901408870899
0.977509453048529
0.210235254019776
0.208184524172441
0.206185835088905
0.204237089468771
0.202336303129515
0.200481597467761
0.982083822294995
0.220239148817578
0.217780382869271
0.215393076725454
0.21307395673433
0.210819948985527
0.985768304888499
0.247110266813438
0.243895374990453
0.240788045425378
0.237782684666723
0.234874082430266
0.98335005365934
0.213485497569129
0.978067663847501
0.24154813818338
0.238653704661424
0.235848545157055
0.233128360786302
0.970064194951908
0.206147111490258
0.204238868726248
0.202376571504775
0.200558458052543
0.198782857172514
0.197048182480492
0.978060524503967
0.217122144511364
0.214815758353473
0.212573157337551
0.210391554175094
0.20826832406407
0.958104176465365
0.224894427681935
0.222851953482965
0.220857021956143
0.218907880270693
0.98357885558099
0.202506156702427
0.20073334231157
0.199000849977766
0.197307215036117
0.19565104428004
0.974809336303219
0.239469179997888
0.236703183736633
0.234019450086484
0.231414152839169
0.228883701254895
0.226424722350402
0.964893887224232
0.200927321593926
0.199240907099413
0.197591195732858
0.195976909485457
0.19439683017881
0.980204470422796
0.224035367323825
0.222040074306784
0.983294561561116
0.2324838028935
0.230008805146525
0.227601725008348
0.22525963340731
0.981162621111258
0.220057965037756
0.217537297103104
0.215091951250937
0.978818808856938
0.21433715683904
0.212128392703417
0.209978942634101
0.207886285778538
0.987532186591106
0.247884105717763
0.24431216666257
0.958907402766702
0.227157352676235
0.97812803058214
0.231091699290586
0.228720105712702
0.226411178312656
0.224162310641128
0.221971040326307
0.969730636214926
0.97437612695293
0.231934550974011
0.228962923766681
0.226090215223148
0.223311277795301
0.220621318699926
0.21801586999137
0.980965820616172
0.227580880348419
0.225370927052064
0.223216182512231
0.221114469500174
0.219063725114512
0.217061993400688
0.978131557820989
0.972264264247033
0.199487805736781
0.197810881798302
0.196170564983083
0.194565576560783
0.192994697877085
0.996022655683944
0.251872694586223
0.248267332138574
0.244794678371125
0.24144717712396
0.238217837196458
0.235100181081277
0.962029043159925
0.198115672735153
0.19651454365578
0.194946950601703
0.193411767768842
0.19190792022961
0.190434381077737
0.97453130711068
0.222401968732742
0.220350109736961
0.979528584574359
0.224865571851415
0.222190572610961
0.219598474961552
0.217085244666137
0.214647108350426
0.973636975537611
0.195347299602458
0.193840416764377
0.192363596468919
0.19091587526465
0.189496331322936
0.188104082202457
0.993422923365959
0.242224317604646
0.239074066615259
0.236029648510966
0.233085528958719
0.230236555527932
0.986438540611217
0.221243670283
0.218772585428568
0.216373425199337
0.21404289263979
0.990191491081876
0.213888134733843
0.211634718812701
0.989255254115685
0.230974127522346
0.228187979882347
0.225489104532994
0.222873220072983
0.220336323610357
0.966433344449602
0.192842137668932
0.98005417039322
0.239534078173811
0.237164866124567
0.234855552557658
0.232603759221378
0.2304072330582
0.228263838138248
0.990985548936803
0.217893514072094
0.215600963104693
0.213371252265563
0.211201661285956
0.209089626975169
0.207032732045288
0.974626789155837
0.197653129804925
0.196140409117424
0.194657587523869
0.193203716337679
0.990545733615377
0.220386569592732
0.217987574647737
0.215656620377569
0.213390664813394
0.211186847178035
0.985035898206213
0.212974824968882
0.210884604607696
0.208847827523654
0.206862327978578
0.204926057584304
0.203037077451714
0.985147576364706
0.217333261089827
0.215106686749296
0.212939513531607
0.987045983808622
0.233488144340739
0.231282127714457
0.229129502213505
0.971964091922419
0.218901905396193
0.216719454614484
0.214593520090502
0.212521787813324
0.210502070213218
0.20853229764679
0.971818028071363
0.237019100062865
0.234037692015623
0.957976634468795
0.197941562094389
0.196418952473787
0.1949266236135
0.193463609233017
0.990632735201158
0.226888862625971
0.224229919101907
0.221652085983986
0.219151480360248
0.216724466216184
0.214367635167199
0.961163725250544
0.198220254407718
0.196729655940728
0.195267975488771
0.193834312314081
0.19242780348334
0.987317044244636
0.220763916965226
0.218389252466059
0.953336394302336
0.197043396020902
0.195616420033351
0.194216020246416
0.192841400717463
0.984777409619439
0.208684903152851
0.20670048348384
0.204765311334199
0.202877445588673
0.986560913079447
0.240917028399328
0.237883535553794
0.234948795783577
0.232107799487121
0.229355872722736
0.226688649757797
0.988947244205274
0.225679478145241
0.223361720002834
0.221105644395063
0.218908664525983
0.973781317451662
0.224629463145581
0.22220728571204
0.219853003442968
0.21756362065443
0.991278887319726
0.214159885596212
0.212081889895835
0.210056402333025
0.208081320701798
0.983434984879026
0.224669908877617
0.222450097983668
0.220287050341001
0.218178475374684
0.21612220566259
0.214116188788481
0.977016765710171
0.213743995325806
0.211745214059209
0.209795027248532
0.207891560799922
0.983893867603972
0.963922019037782
0.234339985325092
0.232021540153988
0.229762062070384
0.227559192472117
0.225410698058606
0.223314462667086
0.983801031049003
0.223625136272076
0.221282080836726
0.21900282292284
0.216784625278007
0.214624907048096
0.996705839697448
0.233230664551007
0.230482487429268
0.22781833326425
0.225234181011228
0.222726264691476
0.22029105357643
0.96586240713126
0.228629202239466
0.226506037997895
0.224433593857106
0.222409957087338
0.220433311022521
0.218501929128256
0.985027897349519
0.197338726960252
0.195839016699029
0.194368826461138
0.19292722391516
0.984591755422478
0.220487279531566
0.21828490111644
0.216139706912981
0.214049351849645
0.98249694244258
0.219593503421211
0.217497463471452
0.215453331340332
0.213459073409228
0.211512762422749
0.972887116496172
0.223598702507293
0.221632069035352
0.219709942598853
0.980310075258623
0.216942533890299
0.214980919463582
0.213065256214037
0.211193837068895
0.99912280856487
0.226589729121074
0.224089991615062
0.221661989564084
0.21930248772001
0.217008444821043
0.214776999305032
0.992103757086329
0.219754049281462
0.21761546315251
0.215530950537828
0.971548540224075
0.224734366946685
0.222777663506602
0.220864739296725
0.218994043245244
0.973135190663932
0.213361847642463
0.211321104028761
0.209331252263957
0.207390280944422
0.978091932818296
0.197635849112909
0.196113114786446
0.981876674179636
0.216344365292146
0.987899151384113
0.216432722296957
0.214505011644665
0.212621758312045
0.210781335431855
0.208982195763548
0.207222866881159
0.995428327876811
0.220821338583364
0.218534775100714
0.216309884542612
0.21414404309972
0.985780193794926
0.222439543981179
0.220132681613262
0.217888075071698
0.215703075836819
0.213575185511043
0.989155486032411
0.221153061508222
0.219000170844431
0.216901695295333
0.2148554618932
0.212859413427711
0.979070746488153
0.212314744245348
0.210514986002977
0.208754728890691
0.207032593536171
0.972159779357642
0.22391480848161
0.221964183021754
0.96846486138679
0.212988044931259
0.210969849183128
0.209001516471522
0.207081093782974
0.205206730428904
0.203376671423594
0.974568783724047
0.200952316925115
0.199348140929739
0.197777243951293
0.196238521689615
0.981454141825343
0.218364686436889
0.216324628325489
0.214334049299777
0.212391049511913
0.210493826562928
0.208640669337254
0.970000853052408
0.226970939577477
0.2249814205571
0.223036711251929
0.221135215540716
0.964199970854148
0.208836100521421
0.206964027216499
0.205135711946509
0.203349528671211
0.982097589811848
0.219401576996781
0.217187098832598
0.215030870439222
0.212930472613804
0.210883620188028
0.208888152878088
0.985040097123419
0.212026617815691
0.210225936049513
0.208464900635538
0.206742123018541
0.205056279810416
0.203406109007419
0.979186073080897
0.208681931437923
0.206859546833376
0.20507861180221
0.203337626472996
0.977068222520149
0.214569956401722
0.212543733130906
0.210567385506736
0.208638968529373
0.206756638617084
0.985806818696831
0.220044872293434
0.217735145822868
0.215488718620453
0.213302855632853
0.965578644431517
0.201122310841013
0.199494166639233
0.197900354844113
0.196339718371349
0.991184921478005
0.20853828845191
0.206758410161128
0.205018050812882
0.203315813538694
0.990100513301714
0.22605070302397
0.224060448629184
0.222115310478102
0.220213671224371
0.218353990849851
0.99256874024086
0.212216487864667
0.210287467202116
0.208404143086426
0.206564797515245
0.204767798950831
0.203011596941488
0.986851367362144
0.208403926991336
0.206668314020033
0.204970255308285
0.977900514306344
0.219296537091948
0.217055696779437
0.214874621010783
0.21275079444603
0.210681842948138
0.208665523817109
0.989455539941885
0.209978306720493
0.208257832076239
0.206573903146921
0.204925283288603
0.203310791987854
0.201729301707774
0.97595147627156
0.201287264390037
0.19965585233993
0.198058914533185
0.196495287001747
0.194963858622591
0.984472327919081
0.223270770999439
0.221350400706028
0.985173283201879
0.199875755647576
0.198324641073481
0.196804832935741
0.195315319886686
0.193855134553246
0.192423351162483
0.981867715905622
0.208270486984365
0.20644635259528
0.204663904052962
0.20292162625118
0.201218077916963
0.199551887157145
0.983381757478043
0.214415263052771
0.212338083857331
0.210313500082739
0.208339403991691
0.20641380074839
0.204534800953153
0.964361473953226
0.197119117735998
0.195651538567406
0.194212351888706
0.192800676782896
0.191415669166118
0.190056519873144
0.996682064778259
0.210083743594065
0.208181332665142
0.206323931286557
0.204509848604201
0.202737478846454
0.201005296029287
0.960404716768498
0.194606804819489
0.19322236644448
0.191863470977944
0.190529361060687
0.189219309633527
0.187932618428836
0.980094720735375
0.204689520248993
0.202966138861504
0.201280648442395
0.978660763057981
0.206278930747987
0.204516231464608
0.202792860799766
0.201107421564696
0.992587805797315
0.208338204034181
0.206485642242707
0.204676140520755
0.202908108116638
0.201180033050966
0.975388526079269
0.206524818205493
0.204827143609512
0.203165807658967
0.201539570541755
0.199947249233715
0.198387714275653
0.988368554354497
0.226304622228875
0.224265013603432
0.222272907757891
0.220326557335474
0.963364193138317
0.203248609743405
0.201668281654486
0.200119896831549
0.198602423409967
0.197114874345619
0.977564597543489
0.206237298975351
0.204501915758219
0.202804642448527
0.201144146003144
0.988560567466309
0.206433829554194
0.204657097678702
0.202920331293528
0.201222099574255
0.199561040424986
0.972258756483192
0.225386692627189
0.223408386344668
0.989905061590196
0.206403442087674
0.204638778003102
0.202913529464026
0.201226294989221
0.199575739962605
0.985257997995689
0.201804252514081
0.200273952390068
0.198773799610032
0.197302843988684
0.195860175638749
0.975640246688169
0.192321521179437
0.190938915721239
0.18958219527605
0.188250581070423
0.985201103770805
0.971620695983874
0.974273541890948
0.206197960678087
0.204482098799673
0.202803467222955
0.20116077885725
0.988444512550537
0.204664715208965
0.202973531082905
0.201318808323126
0.199699293635354
0.981389930374223
0.206563389385364
0.205014072441931
0.203494797618541
0.202004633962571
0.990720632656192
0.211616662363189
0.209797840849708
0.208019720093576
0.20628085282067
0.204579860708996
0.992651615850937
0.204689467327224
0.203040191917584
0.201425532582057
0.199844330171512
0.987655211327262
0.209611667003955
0.207892080311559
0.206209161590535
0.204561665927748
0.202948405105399
0.970564678790205
0.228425738974533
0.226354676775879
0.224332105525351
0.22235623404077
0.220425359278068
0.983148319757009
0.192777810285436
0.191375823717906
0.19000041274641
0.188650768334659
0.187326114681704
0.984956203520292
0.213936854704111
0.211668078804649
0.209462532867229
0.207317435643021
0.991757688673411
0.206517731330734
0.204964781948311
0.203442055592447
0.2019486124997
0.994848613750427
0.213491313811041
0.21132717892272
0.209220617840901
0.207169209854081
0.20517067023944
0.203222840834533
0.978455093812654
0.207789480910443
0.206120602465947
0.204486580969815
0.202886256070325
0.985293318368664
0.191865125345115
0.190495065565292
0.189150494983133
0.187830651486476
0.186534803725805
0.185262249568112
0.979319365179161
0.204712883430222
0.203048839115559
0.201420087623667
0.199825435335438
0.976431320992439
0.2254420910403
0.223439464085082
0.22148285074062
0.219570580653572
0.2177010643419
0.987344558806144
0.20473510135859
0.203118986111541
0.201536090361818
0.199985324353488
0.198465646370305
0.973085070721338
0.222667981357476
0.220785140676154
0.218943438344528
0.217141451003058
0.983423426483356
0.203201183340179
0.201661637270202
0.20015240552033
0.986884793013942
0.189702010544604
0.188379793791718
0.187081588219353
0.185806692226089
0.184554431909614
0.982969132082782
0.209031448806896
0.207003363190167
0.989069163063479
0.204791424952513
0.203257373088437
0.983428820436333
0.188950629161887
0.187674617115061
0.186420994195989
0.185189127547214
0.18397840849631
0.182788251403737
0.996896427046752
0.206160837229111
0.204335700994224
0.202552926259806
0.200810949930554
0.199108286268978
0.985528637459736
0.20769153629507
0.20599289858015
0.204330466485054
0.202703010943856
0.201109358886782
0.997061944429657
0.204374408575328
0.202648925211552
0.200961581358604
0.199311034306085
0.197696004814027
0.991334532038777
0.206473346815018
0.204846776631083
0.203253546490858
0.201692566444808
0.988385831320444
0.22195414021504
0.978585155672315
0.207853397556769
0.206261148264663
0.20470052715795
0.203170531797008
0.986997907772319
0.205964615861079
0.204332721987421
0.202734493429181
0.201168822528326
0.199634650581627
0.970185654567875
0.226897113741538
0.224951873281789
0.223049653898247
0.990178461175643
0.212863043904054
0.210746691691726
0.208685585811197
0.206677445897676
0.204720117401687
0.971188120196132
0.227891604761279
0.225978925737204
0.224107572160061
0.985736288559919
0.986761313185353
0.20642754493805
0.204814130374197
0.203233502725463
0.201684599100492
0.200166402896158
0.198677941298522
0.98913762203569
0.204368797020811
0.202790729785256
0.201244368735524
0.199728696681608
0.19824274030248
0.988128555592047
0.210485530142634
0.208488880269783
0.206541941070424
0.204642751682312
0.202789454766023
0.990394449657536
0.20330977699321
0.201792033619292
0.200303720863265
0.198843926302978
0.197411775570332
0.986072153256855
0.228833007000563
0.226916487297363
0.225041265772789
0.223205936252608
0.983493557388115
0.18703283670058
0.185726513706657
0.184444043273752
0.183184724418293
0.181947884006251
0.986099250697531
0.20288343861491
0.201352602601358
0.199851816007142
0.198380136028733
0.196936659654696
0.195520521581048
0.984980033223403
0.985232670573126
0.201918013274718
0.200447109809299
0.978051908657518
0.186387759958265
0.185120534735281
0.183875783210762
0.18265286326398
0.181451157589971
0.180270072503393
0.995393116916155
0.204959365184448
0.203467345944717
0.202003449533411
0.200566828322454
0.199156669048217
0.983109958877453
0.227875426501777
0.225988189185567
0.224141170860907
0.222333016422799
0.97978743830491
0.18457400475338
0.183363107388831
0.182172895609559
0.995177331008183
0.209648195084933
0.207783133959004
0.205961519092032
0.204181743911332
0.202442281443909
0.200741679437268
0.996638656717847
0.215913993802071
0.213858159532944
0.986928572053693
0.207757758999803
0.206070079493769
0.204418146718794
0.202800754989076
0.201216753199438
0.983583602361906
0.205931402746597
0.20420502760503
0.202516521146724
0.200864561113233
0.199247887217176
0.197665297543393
0.969488514239525
0.186439692005425
0.981087471772305
0.206038684162889
0.20443025560494
0.984099925739714
0.200047168022202
0.198544100523695
0.19707046952959
0.195625352831025
0.19420786711539
0.995852553350988
0.202625206958285
0.201013664434746
0.199435617453114
0.197889955046757
0.196375615786268
0.985603928106937
0.203531745659777
0.202041428081681
0.200579427014921
0.19914488206548
0.994768239016994
0.219477421389811
0.217360636555395
0.215297188084202
0.213284954273791
0.211321926071645
0.209406199701973
0.975946337160636
0.190778278132165
0.189473488122801
0.188191938410113
0.186932963191458
0.185695922434441
0.184480200634139
0.991417187954323
0.226966665019395
0.22505104864693
0.223177151565239
0.221343537869021
0.97883165911759
0.209198730372817
0.207527632082564
0.205891289415347
0.204288551477016
0.202718318513854
0.980445943587168
0.198788158795653
0.197308920725428
0.195858406025219
0.992159496077331
0.201176283464427
0.199602074921863
0.198060077129235
0.196549237565992
0.967417067456635
0.18875234894046
0.984694110768831
0.214841698593661
0.212873854568065
0.210953143408267
0.20907777781108
0.972049695482119
0.226077743921185
0.224206598322925
0.222375387028149
0.220582762030296
0.218827436048804
0.989666420818544
0.214415335224959
1
0.201332013031406
0.199787399555698
0.198273718807457
0.196789981024559
0.195335239054129
0.193908586075101
0.995470646064947
0.219695992232824
0.217742225104191
0.215833677427171
0.213968693577069
0.984511007504573
0.203594602219662
0.202064154688457
0.200563648975826
0.199092149242927
0.197648758991575
0.98014035841149
0.985113029118997
0.223455143082559
0.221663129803695
0.219908160528823
0.218189021988505
0.990246062732529
0.200479863400736
0.198957026898054
0.197464385083208
