0
0
0
0.857142857142857
0.736535722849135
0.615026339691614
0.518106138019115
0.906957228719392
0.857142857142857
0.736495383172335
0.614955558578081
0.518025693099486
0.446381150810223
1.00092500166357
0.872031245452293
0.77062234677929
0.660423627122921
0.564875876777505
0.4901084707349
1.12699058877997
0.857142857142857
0.736398579074563
0.61478574500709
0.517832741443754
0.906983781337298
0.857142857142857
0.736358249802569
0.614715017416429
0.517752397027121
0.446112425273799
0.393124720447275
0.917928607513418
0.506515053529816
0.458279303892566
0.418952129621074
0.386568723020005
0.803295643777414
0.857142857142857
0.736261513859415
0.614545411438286
0.517559780610764
0.445923089160834
0.392947282018582
0.546800269223665
0.514375743316005
0.458316501282779
0.413934451519879
0.378333923106529
0.880065778079061
0.46511014743602
0.419701594916996
0.38328616965496
0.353607880679162
0.800705786197486
0.514168140980771
0.458153783372727
0.413805731391627
0.378230488241163
0.349213839514451
0.325149314840363
0.802713056983992
0.367193024288202
0.344321502610675
0.324690040425825
0.307662140933666
0.292750835069784
0.279579943069981
0.946755304522864
0.396615471824068
0.369595365647066
0.346640872246466
0.326923212747587
0.309810348859728
1.03450522724745
0.857142857142857
0.735964274138976
0.614024646772338
0.516968793321213
0.540318709501929
0.340694443838514
0.321261654305158
0.905068106212373
0.414228271721735
0.3780544727361
0.929411158517617
0.339952114249651
0.323317365542493
0.308597634339025
0.29547937232321
0.565547209070651
0.485866802634929
0.433274573429491
0.39191983275844
0.358827202590049
0.536117592819394
1.04184125466001
0.388858141010457
0.355606724032154
0.328578836322909
0.931026345004214
0.359991463347256
0.336337317971134
0.316225985787047
0.29892003253227
0.533529844675158
0.33029198710684
0.317753290650579
0.306354717934383
0.295946704114646
0.286403942974359
1.02410955793331
0.351699486558882
0.895650546616119
0.304636897027382
0.290499944967002
0.277949674299885
0.266727684400293
0.531786230109299
0.3017914941085
0.29277097013307
0.284414813061605
0.276650771164319
0.269416520079462
0.262658070278452
1.18139458681919
0.3959985760393
0.371027557188457
0.941975985389607
0.39661858012408
0.369156795249453
0.345890667135348
0.325952145048437
0.308682364838398
0.810046058142371
0.331546499200563
0.316137847992973
0.302428738858801
0.290150794534652
0.279087806930063
0.269064189964916
1.11491163912113
0.278432040882098
0.271738062949832
0.265448994439663
0.259528012918452
1.02011731470495
0.369932515991194
0.348831616551985
0.330475636507546
0.551776512428605
0.289270968727353
0.27963396890113
0.27079248992164
0.262649328551694
0.2551223443791
0.57141355090132
0.385791791149847
0.365298474090158
0.347263352328904
0.331280969925828
0.31702442801013
1.04300493415531
0.298208795494367
0.285900700638044
0.274833477069874
0.264824185973986
0.255723764950369
0.247409717490476
0.820200033738779
0.333581901002259
0.318600123606591
0.305215358656896
0.293183855915441
0.81631288028344
0.569613510591659
0.273063592897592
0.263132484950642
0.254102970363129
1.04357723610501
0.260263830451446
0.253353781220006
0.246910046995353
0.240885101241648
0.922365199653633
0.27355134693339
0.265280100507007
0.257636963304461
0.250550605410315
1.02714809939297
0.334548884469943
0.321584795658465
0.30981929852505
0.299093033151059
0.289272750980453
0.280246460780075
0.554873091378866
0.253229538613001
0.24733058359754
0.241783398583658
0.236556079660076
0.231620477681759
0.22695166734788
0.57577092534941
0.304816882489797
0.293944033270676
0.284019805885323
0.274922890241727
0.266551472631238
0.258819590929148
0.556064387010726
0.231531278063291
0.227105569389211
0.222899895012249
0.218897380557557
0.831619891224783
0.322501594006588
0.307471448299638
0.294114523643647
0.28216289639271
0.271401725266247
0.567141449811804
0.263854615085382
0.256809560187047
0.250241523339656
0.244101805947685
0.23834811533669
0.923516011479106
0.272726590897705
0.263887647457641
0.255767040291263
0.248277657829382
0.241345886950677
0.23490913511156
0.8228681886858
0.277150908051562
0.267697790721098
0.259049469251208
0.251104084805679
0.24377620049352
0.570508891052118
0.265838254941172
0.258789116496832
0.252213484112548
0.246063430341279
0.815885674099335
0.250408255122038
0.244744051315179
0.23940863989609
0.234372937379663
0.229611204113422
1.05858462793437
0.271601488710753
0.26551841548762
0.259780202388936
0.254357308057273
1.1689136504971
0.284614492864272
0.276363556880526
0.26870975404451
0.26158868264367
0.254944797390775
0.813976005176121
0.241933156488951
0.237163205857913
0.232636284352898
0.228333383119069
0.224237437176556
0.220333084908018
0.577076986086968
0.249513572284777
0.242757058539444
0.236468594626969
0.230599048996002
0.225105966059151
0.94381281280345
0.26795440025418
0.938029416059424
0.237928577160133
0.232508520144921
0.227407767180803
0.222597529320229
0.218052404590362
0.828936041758883
0.245810024605385
0.239533042515839
0.233667650884568
0.228172816626091
0.223012816335492
0.218156410184364
0.548329268519802
0.277483559359225
1.13392652724021
0.226886612383319
0.222798536996549
0.218902727640561
0.215185191136219
0.21163327460868
0.20823550917419
0.574963565544111
0.264412495108756
0.258015238408664
0.252011233180306
0.246363926986031
0.556794896910964
0.21239182562931
0.209113540119398
0.205968503714598
0.572137692044069
0.250751322713036
0.245481522702364
0.240496215790247
0.23577195042913
0.231287791526625
0.811061908512666
0.2244952821261
0.220675797785007
0.21702623095217
0.213534855221842
0.56476395578953
0.209924764756624
0.206868377228314
0.203929312647142
0.201100519391581
0.577051477213165
0.574672199013749
0.227131385683114
0.222602387991422
0.218308956971135
0.214232193186395
0.210355188253452
0.206662769937621
0.94129526163558
0.289042166738327
0.283195835963644
0.277645550818982
0.272368787527401
0.267345216964446
1.12192539854519
0.20486596124379
0.202097885648543
0.199428647996847
0.196852701957653
0.194364915553125
0.575015692755746
0.224960211961076
0.221414747299546
0.218015351477876
0.214752670435484
0.211618140962353
0.208603909057295
0.827865107981747
0.255567823470137
0.249429662121636
0.243668341383943
0.238248748387049
0.233140009310377
1.02189739334227
1.16551855629865
1.10389514618752
0.197940136895225
0.195489989409146
0.193120207465126
0.190826629205915
0.188605380644947
0.186452851091699
1.06015712245576
0.223384793673331
0.218651627411444
0.214180461351064
0.209948940718066
0.205937214427478
0.202127594399386
0.966745484271847
0.215256119561812
0.212231416171226
0.209318384048134
0.206510572759491
0.574113539841647
0.216862533796689
0.213071898191319
0.209455358921565
0.20600049214934
0.202696044885166
0.19953180019154
0.934108701925581
0.293697698342186
0.288265800592661
0.28308463136844
0.278136806675363
0.828124979743184
0.245961303780789
0.820410143104163
0.284006103523918
0.279263447219958
0.274719788074387
0.270362487691404
0.266179941162795
0.823270081231091
0.254459810429276
0.812288972263643
0.210040304073682
0.207279452077157
0.204614187422009
0.202039314102096
0.571837011900063
0.208856322096243
0.958601517286791
0.257394328190003
1.14725230883001
0.271735978296779
0.267666249971617
0.263750858979963
0.259980867339657
0.256348008725713
1.03841625273307
0.205446063646907
0.202924383149437
0.200484352053912
0.198121805434531
0.195832861622937
0.193613898472248
0.838746065710592
0.270493425195974
0.265173600104957
0.260119290854264
0.255310394689815
0.250728777012236
1.13324223165841
0.946802052248148
0.826754619114287
0.194526696696771
0.192224064038109
0.189993768676124
0.187832215179735
0.185736047184378
0.57478156362218
0.19925173651245
0.19701189413818
0.19483858381436
0.192728678384572
1.06364504401655
0.274455395166471
0.27061791221054
0.266915867085045
0.263341957455061
0.259889391595907
0.256551845684317
0.580321722832968
0.213036561847941
0.209068042419911
0.205294182036842
0.576940848591099
0.26249683197784
0.25705508185833
0.251901089499662
0.958366596370872
0.189056754423951
0.186970951066006
0.184946334072278
0.182980053714311
0.181069438248543
0.575823905188239
0.262612553377596
0.257962997212426
0.253523584805168
0.249279817655901
0.24521849753819
0.24132758637335
0.563504950911985
0.184258996602925
0.182369266318229
0.180531113359926
0.178742295074711
0.177000699866945
1.05732327811092
0.573074013280673
0.261670056085499
0.256604469907779
0.251789331214723
0.247205776980591
0.817477043626862
0.25892168352826
0.255637673007311
0.252459804414898
0.24938278606312
0.944419435703754
0.228873054873546
0.225109203039378
0.221506899815176
0.218055398237208
0.214744893371287
0.211566421674451
0.822124951419564
0.184106859681896
0.182294778414446
0.180530104018438
0.953994440052341
0.254342951144883
0.249876894884213
0.245612190890627
0.241534930601224
0.237632458713202
0.81208044084142
0.255463302961998
0.252387949141473
0.249407047131211
0.579130708237314
0.218466672000202
0.214565710474765
0.21084769554013
0.207299314699926
0.20390853363831
0.200664446420724
1.13576975521044
0.244610076436125
0.240804284717909
0.237151476620556
0.233642162525021
1.05832949267136
0.244277849923444
0.240442135156284
0.236762076249465
0.23322792698407
0.229830741739662
0.806964333645054
0.25172535488952
1.03868100029483
0.200245435891592
0.197960514732085
0.19574455419858
0.193594264762978
0.572894787191158
0.218389575232348
0.215180621842912
0.212095517225411
0.209126803527944
0.206267617712724
0.936161736981459
0.258414901807225
0.255408419845515
0.25249091217082
0.249658307825288
0.246906779820991
1.18537206886968
0.242558325349776
0.239008019172481
0.235592103227376
0.232302708652144
0.229132572108079
0.2260749791649
1.14280025595856
0.212311098494041
0.208922422330722
0.205676396031914
1.05447607650869
0.186736903420753
0.184863470150991
1.05104152599474
0.215963875776216
0.212668783837956
0.209505977761326
0.20646717377277
0.203544775153558
0.200731802447043
0.5744400715295
0.236050561658867
0.232640707965527
0.229358782976532
0.95860264236116
0.192004917848875
0.190074770305481
0.188196016660926
0.186366481054474
1.13932444116596
0.25437310854738
0.25154919748755
0.248805133308138
0.246137415097298
0.578656657017663
0.204491139910664
0.201740634577843
0.199088076628144
0.196527986794291
0.194055293955984
0.191665297720883
1.04980836150593
0.19384420092652
0.191949876109139
0.190104477541282
0.188305995488387
1.13237052315311
0.248303421675919
0.24569410150581
0.243154774600707
0.240682517709424
0.23827456838838
0.235928314245365
0.948028557786383
0.214264698376377
0.211292635667276
0.208429112182624
0.205667925835532
0.203003344954805
0.200430064500154
0.820505981801502
0.195543107641033
0.193680621406109
0.191864924639088
0.190094147540332
0.188366520570795
1.12518489181783
0.241127558568754
0.238769087429173
0.23646961290513
0.234226825938486
0.232038536951278
0.229902668299887
0.944073478059322
0.206559783442599
0.203979103673517
0.201483605493637
0.199068866284351
0.196730769397724
0.835323525216625
0.200227788107442
0.197731502049027
0.195317765414932
0.192982275834288
0.970157323562935
0.196726197673935
0.194478663081822
0.570428752790349
0.202500804759339
0.816865070766253
0.195320056434238
0.193518846548184
0.191761400261789
0.190046024597207
0.841272628135482
0.208171756787423
0.580925334302507
0.19771644411411
0.195506343780065
0.19336172279224
0.191279512058072
0.189256834945798
1.0592434587105
0.234880152223095
0.232695375949351
0.230562689233738
0.228480141608852
0.226445879451667
0.224458140096967
1.12875646079254
0.19457343585379
0.192834072721284
0.191135638582932
0.95721944675583
0.236941677420453
0.233510616998568
0.230208590749227
0.227028075800082
0.9513306814241
0.196595857099921
0.194872530988749
0.193188871356151
0.191543422955995
0.189934802242071
0.188361692988103
1.12190404012094
0.230468707057093
0.228437140401726
0.22645147508302
0.224510077093306
0.222611389730299
1.04710693948876
0.196677807622055
0.837679563993616
0.235107919176916
0.23178136141987
0.228577166884551
0.22548834902409
0.222508447221459
0.219631478531362
1.14650028168796
0.227954838437229
0.226032188608732
0.224151053883414
0.222310018749937
0.580513034017444
0.200319412745657
0.197868551480159
0.195497224643074
0.193201362966148
0.190977175150846
1.13497743486805
0.229171177756946
0.226232782542132
0.223392582557333
0.220645459833198
1.13635905308979
0.199696102358029
0.197406311008044
0.195186090815636
0.193032102542865
0.190941221193768
0.188910519038279
1.12683535259676
0.229129304885803
0.22634432206301
0.223647467730659
0.221034386175382
0.218501006740876
0.973043889756442
0.581155355452034
0.582541068597543
0.217047135145062
0.214413849041579
0.963658252333532
0.224939640357244
0.222401513325217
0.219938005306433
0.217545677874582
0.215221302911844
0.212961846831816
1.14799781827954
0.224290863919605
0.222422551072665
0.220594172264274
0.218804377578926
0.217051877919621
0.215335441637081
0.835781228203645
0.241003137195214
0.237604997818005
0.234330970449307
0.231174034736377
0.228127692822095
0.225185922045062
0.823617486318048
0.202039614003057
0.199785978506143
0.19759883275536
0.195475078051727
0.193411808698686
0.833512734431253
0.230820112880696
0.227913902189115
0.225102963781838
0.22238242772578
0.581443447757646
0.197021944717444
0.194878201307979
0.192796322811581
0.190773483097766
0.188807028865624
1.0512041413294
0.194703599794482
0.192975426785883
0.191287669054735
0.189638820592465
0.188027450779249
0.186452199703331
0.580778962632533
0.220891154358138
0.218531097926814
0.216236857305183
0.214005547957669
0.211834453496696
1.062705474816
0.225267523807803
0.222600360203409
0.220015636242414
0.217509364614858
0.215077813788422
0.579837503636363
0.196052553449694
0.57806490531994
0.217881547851637
0.215513433582609
0.213212692199503
0.210976309830034
0.953778054754493
0.188949778446192
0.187371788662929
0.185828563620807
0.18431887890355
0.182841568156486
0.181395519664909
0.57968937194159
0.218461568300685
0.216241165883953
0.214079686218086
0.21197466682097
0.209923782283468
1.14486934581595
0.218968782418611
0.217157394643742
0.215384679781448
0.213649330010964
1.12766005884071
0.183819580867377
0.182376850755923
0.180963989787128
0.179580006160718
0.178223952507812
0.959058486528655
0.217037547781463
0.214758971449765
0.212542991003476
0.210386899482758
0.208288145849708
0.206244323936218
0.948775457574219
0.183112786445811
0.181728293571149
0.180371362100311
0.179041110905949
0.177736696890831
1.12259039996779
0.219363978691136
0.217579812780615
0.833489751615265
0.212014868898558
0.20994930321887
0.207936426574516
0.205974115402297
0.579789099663057
0.199019951138623
0.196906539290202
0.19485258648015
1.1209211819309
0.217305343421659
0.215163413103466
0.2130765930373
0.211042647628481
0.972363101881201
0.221323244541499
0.218495369128915
0.942083284068522
0.221280505673532
0.829995480400562
0.208487258865099
0.206545012375958
0.204650159713007
0.202800869256665
0.200995404062542
0.822437989635417
1.04784403379595
0.19867288720262
0.196470682662405
0.194333233497352
0.192257529349357
0.190240747072401
0.188280236343589
0.830263919521484
0.205317023228733
0.203504515429635
0.201733900891719
0.200003642189116
0.198312277479864
0.196658415909364
0.579246901184861
1.04478510874459
0.183494725586138
0.182105997977049
0.180744947369439
0.179410688225514
0.178102373255015
0.842579429360574
0.225658168470273
0.222787607818207
0.220012554694451
0.217328047955381
0.214729467846468
0.212212507236122
0.817004578790052
0.181967031560555
0.180642631001103
0.179343579067196
0.178069095668442
0.176818433149829
0.175590874610827
0.958835919675461
0.1990088147903
0.197353107341902
0.829704112045304
0.193518550213335
0.191515477993835
0.189567509202995
0.187672239533921
0.185827405340938
0.576402963728002
0.180126336387813
0.178870079745888
0.177636825091437
0.176425894054192
0.175236635320802
0.174068423288731
0.840929948647368
0.217628671988517
0.215100113819017
0.212648691508117
0.210270712697987
0.207962720068491
0.581136356353634
0.188758189538254
0.186928505011771
0.185146020869082
0.183408799957034
0.837298236048004
0.216565139073877
0.214412825630194
1.13688151896027
0.212188255422
0.209818754586061
0.207518914707521
0.205285513158142
0.203115525993333
1.03783182736325
0.177655623357157
1.12198892805999
0.232068841934949
0.230021110917846
0.228019835986908
0.226063359783807
0.224150103481347
0.222278562220826
1.19370288390462
0.221427114972697
0.219227635924338
0.217085098754283
0.214997183813301
0.212961697235889
0.210976562553498
0.575344942820459
0.183049915923326
0.181784975266627
0.180542933578656
0.179323123655913
0.584392266094684
0.188271288208019
0.186491896501191
0.184757245124914
0.183065543062737
0.181415095677845
0.83388024616187
0.213385298997382
0.211426879957194
0.209515427652577
0.207649161188626
0.205826389873144
0.20404550758022
0.834571939311175
0.186123781377265
0.184457487861505
0.182830860570284
1.06205309371282
0.228422319334031
0.226484281149273
0.224588568284596
1.04501471434977
0.189153271141555
0.187488382813403
0.185862347612988
0.184273719529476
0.182721124951663
0.18120325816568
0.577094176288571
0.210840486059368
0.208501385835042
0.814273837547752
0.181421432573796
0.180178308975821
0.178957533508059
0.177758459235005
1.06700778149223
0.21021444764903
0.20793814920711
0.205726808961317
0.20357750624178
0.201487495563743
0.199454193675487
1.0315613638839
0.18264677074602
0.181416991451496
0.180208884968203
0.179021836148234
0.177855253452613
1.06310747635729
0.206314923992067
0.204246146592494
1.0223426079402
0.18260893214799
0.181417115957225
0.180245597316999
0.179093818916771
0.582726124008009
0.20819737807905
0.206361959490118
0.20456891008308
0.202816679318154
0.971315850499343
0.213710072367791
0.211344076558103
0.209047005038049
0.20681569988425
0.204647195935815
0.20253870630894
0.582286683659549
0.201452702811501
0.19963669502279
0.197863812961294
0.196132430711
0.578147500868697
0.21096005538279
0.20883783206267
0.20677174675807
0.204759456097852
0.974898874444519
0.183749360686461
0.182194262876563
0.180674153417753
0.179187773940456
0.832460080794952
0.198603197170301
0.196888789936663
0.19521337524108
0.193575542298931
0.191973948846032
0.190407317013638
0.828034605384131
0.183524032787521
0.182021826675855
0.180552267981218
0.179114221437099
0.833400304976783
1.15253554191323
0.229841128658459
0.227817516320222
0.225839873812259
0.223906558336657
0.222016005131443
0.220166722921197
0.582196914104345
0.210511931101614
0.208456871792387
0.206454542887062
0.204502807491673
0.202599644389206
0.842115298461453
0.20533277888273
0.203218064387474
0.201160897442026
0.199158804129154
0.197209452699526
0.195310643482066
0.948660331158841
0.222202421202345
0.220371779380955
0.21858014003377
0.216826190042314
0.215108675252017
0.213426397212004
1.12904408203616
0.181082266738828
0.179869160116607
0.1786773869029
0.177506342853966
1.05979247641745
0.207085225156332
0.205164203100487
0.203290046294437
0.201460944666582
0.580693307543597
0.194535818652372
0.192916527829981
0.191332811892578
0.189783425048861
0.188267180159576
0.824853963474205
0.218977647934156
0.217255557297043
0.21556847903893
0.83174443435314
0.192342235657938
0.190818143297864
0.189325892552407
0.187864420925736
0.586614386935978
0.201188697809524
0.19923459967645
0.197330720116585
0.195475014890553
0.193665551211314
0.191900500226868
0.838996168741846
0.203923562168337
0.202101431416121
0.200322169338352
0.576109514438894
0.219132468802731
0.217432347244823
0.215766314064963
0.214133286447456
1.04607721717919
0.183314985924624
0.181796828942023
0.18031212267261
0.178859688578532
0.578806859603958
0.182291749153545
0.181056495520677
0.581954669332955
0.216606725028882
1.06472820703876
0.190150920331565
0.188679712063604
0.187238538366303
0.185826418808501
0.184442416073758
0.183085633602919
0.585554642288956
0.19647829823137
0.194682736560466
0.192930652771545
0.191220374436855
0.969134114507294
0.222729863540136
0.220620432355924
0.218563084716078
0.216555797153553
0.214596650855451
1.13595611185731
0.202748715600661
0.200961764885156
0.199216309573053
0.19751082040742
0.195843843678658
0.579848456411961
0.185322424692805
0.183963010499937
0.182629925120973
0.181322350928321
0.82444367454868
0.219056487128786
0.217359476315555
1.04067786293557
0.181359768149432
0.179887197634215
0.178446467621211
0.177036476246275
0.17565617308764
0.174304556175334
0.577857484957166
0.183141642801285
0.181876517233124
0.1806344111947
0.17941465150057
1.05600192658551
0.198232192336172
0.196569447289384
0.194943489875049
0.193353024967212
0.191796818671935
0.190273694737588
0.575878435820801
0.222343900241815
0.220611762361654
0.218914473370179
0.217250924304142
1.03575777995409
0.176750648329146
0.175396116938439
0.174069245096684
0.172769126393929
0.832278925074597
0.220984080015193
0.21894580689431
0.216956586229031
0.215014558478248
0.213117958029303
0.211265107358859
1.06130969053011
0.185072768330332
0.183719731244688
0.182392831542655
0.181091259687736
0.179814239985182
0.178561028819965
0.82977065092432
0.176800749425165
0.175477613866903
0.174180836668422
0.172909574686077
0.829016510446241
0.216964265407324
0.215082241778084
0.213242826971375
0.211444496950237
0.20968580045773
0.970679754161205
0.196711781077279
0.19490185560317
0.193136103563157
0.191412813226614
0.819843964350769
0.184315670372857
0.18302691590338
0.181761924629678
0.180519993012305
0.585045201312653
0.176848117584876
0.175552553492309
0.174282232843181
0.17303636547526
1.06521760226399
0.222142922779858
0.220409555037358
0.218711157561389
0.21704661467006
0.215414858181806
1.19524761829973
0.214528201283522
0.212738290485426
0.210987357709486
0.209274059554185
0.207597114510988
0.205955299444477
0.836167994927456
0.178321484665634
0.177036236707746
0.17577558057197
0.579726973427884
0.195903722403721
0.194150392889762
0.192438684365733
0.190767026811049
0.189133929719009
0.187537977103838
0.583210947282441
0.178025046933238
0.176769302260356
0.17553705533072
0.174327599328226
0.173140256191733
0.171974375155368
0.578770353389684
0.182627896535548
0.181363365467584
0.180121963642497
0.178903011470882
0.177705856346582
1.12723905547281
0.221068769792966
0.219376939030364
1.12902205193051
0.182995555849436
0.18176821570483
0.180562558910672
0.179377969553267
0.178213855368143
0.177069646607668
0.58222932564586
0.209725901848294
0.208049050115733
0.206407261381507
0.204799372311468
0.203224271266533
0.201680895461898
0.96834573285414
0.190037442200917
0.188434550612823
0.186867592215377
0.18533528294354
0.183836400475414
0.182369780543834
0.819121897720019
0.179087522712221
0.177939780588216
0.176811415412033
0.175701900028775
0.174610726697861
0.173537406200305
0.84351092897412
0.186527255157827
0.18504797740253
0.183599874313077
0.182181895928259
0.180793039947616
0.179432349039817
0.816554961625577
0.17685245290065
0.175765599310509
0.174696315709441
0.173644143579703
0.172608640618406
0.171589380020983
0.581863663502214
0.206230566698723
0.204647191582687
0.203095643343019
0.963909128207973
0.183398940668848
0.182021177594969
0.180670910098906
0.17934725925806
0.584631205019275
0.182249133393955
0.18087949123466
0.179537219348287
0.178221441408452
0.176931318967275
0.827240075574716
0.174144262206652
0.172931061414222
0.171740363482879
0.170571496825386
0.169423816988017
0.168296705281425
1.06300867257165
0.224708481947582
0.222919563407048
0.221167531754898
0.219451186635471
1.0348534992821
0.173285587122797
0.172128489723514
0.170991919676242
0.169875290203689
0.168778037251391
0.57994474884309
0.181618494508805
0.18028709793681
0.178981639491313
0.17770130893286
0.583472158134214
0.180782297901534
0.179464218998926
0.178171690467718
0.176903917900369
0.175660140257477
0.824695492225455
0.224408629728899
0.222663450133995
1.19117429774929
0.207615676846177
0.206008499230724
0.204433899272922
0.202890827949513
0.201378281522369
0.835231739939425
0.170893591514625
0.169787355795228
0.168700146339937
0.167631435149831
0.166580714093462
0.578976684640831
0.173499143526691
0.172437500819526
0.171393013843276
0.170365234812559
0.968755270256257
0.824772632032148
0.579027376168591
0.179938556210684
0.17864635133814
0.177378814778322
0.17613519075707
0.971637580391074
0.204999014440401
0.203469876144123
0.201970600890765
0.200500260558245
0.832692271176525
0.171796667148988
0.170709802912224
0.169641167915067
0.168590268637619
0.838045418613216
0.184514083738418
0.183174798572181
0.181861294115094
0.180572775180616
0.179308479689874
1.06811318986361
0.204049051469829
0.202569174864978
0.201117372612715
0.19969279627383
1.06389833626201
0.184389465832852
0.183097205619617
0.181828914108421
0.180583878233813
0.179361413578683
0.823710846292603
0.2283808156335
0.226553327764142
0.224763656920361
0.223010570237251
0.221292888352283
1.12624442352995
0.17434973587818
0.173273804724513
0.172215413060156
0.171174099334773
0.170149418463811
1.05964073743149
0.192594027740758
0.190848106907141
0.189144354713153
0.187481152586566
0.975213380038244
0.171988751794326
0.170902045211094
0.169833542961127
0.168782752864119
0.976982933422124
0.192995310080836
0.191308544688162
0.18966099881398
0.188051222099726
0.186477836269151
0.184939530682262
0.580027737365917
0.182933905564793
0.181679792761585
0.180448436046866
0.179239172544436
0.968242787442897
0.1746168673252
0.173553554106681
0.172507329918289
0.171477751319478
0.170464390470782
0.16946683444757
0.581822947113957
0.204521197237205
0.203031480060548
0.201570166115605
0.200136393113696
1.17003689891336
0.226625105149862
0.224844897860926
0.223100879814192
0.221391890857625
0.21971682038784
1.18722128893738
0.205736121281298
0.204271794043518
0.202834679841254
0.201423973219154
0.200038900730039
1.16507864738974
0.225331305524963
0.223632012754888
0.221965830293936
0.220331739200731
1.18133824965564
0.205455291136291
0.204042020520569
0.20265407368138
0.581587258970398
0.17137938170029
0.170367108601065
0.169370616861201
0.168389508590391
0.167423399514446
1.05725012648798
0.187417961168319
0.185860808637706
1.13350702660893
0.204511895232754
0.203133481278447
0.580559700192836
0.171739976352152
0.170749072217608
0.169773219410539
0.168812047965694
0.167865200263584
0.166932330514868
0.843846678471922
0.180705148250067
0.17934700332884
0.178016068652161
0.176711470849366
0.17543237440688
0.58276668768949
0.18356596797212
0.182290667416311
0.181038839154047
0.179809790149499
0.178602855008376
0.586855314748318
0.177721939611709
0.176449814790792
0.175201959551206
0.173977630611118
0.172776115469052
0.584514922187595
0.172913125374361
0.171780997565664
0.170668588010367
0.169575343345695
1.06279812477052
0.225785881753779
1.17411280553121
0.20496944590513
0.203576222369914
0.202207671730567
0.200863097157065
1.06292745157683
0.180694277462578
0.179483195097523
0.178293613168167
0.177124918295708
0.175976520765817
0.823558024572166
0.231359261900869
0.229589752606122
0.227855109588174
0.585140860769964
0.192265535205334
0.190626783328294
0.189025205579699
0.187459459968553
0.185928269644192
0.5766500909421
0.229612095606688
0.227904137440746
0.226228907475335
0.969452677758345
0.583140077467256
0.174361751610508
0.173223008134875
0.172104028459071
0.171004260101738
0.169923171503286
0.168860251035842
0.83715054225783
0.179440933852883
0.178267579153442
0.177114546040874
0.175981268443453
0.174867201625468
0.583877798202979
0.188369711696416
0.186843588190233
0.185350404293705
0.183889025961268
0.182458371727446
0.973928678489341
0.172288119719982
0.171207309939084
0.170144503349525
0.169099216187926
0.168070982316683
1.06008843034249
0.230267641497951
0.228563220177183
0.226891287135494
0.225250866045793
1.12651237247276
0.170001187582959
0.168999882503745
0.168014184647522
0.167043700611853
0.166088050456974
0.969642982635612
0.176879131038447
0.175755363793002
0.174650508828652
0.173564053514632
0.17249550403902
0.171444384545679
0.583019150079667
0.969091829494871
0.172635601768454
0.171571107602236
0.58014011753817
0.169940560398605
0.168961350762085
0.16799704833438
0.167047285888519
0.16611170848254
0.165189972944937
0.587051055930863
0.17356401721625
0.172501173372185
0.171455571867393
0.170426761352566
0.169414306498315
1.05656654873695
0.230195836935936
0.228509371608678
0.226854717206775
0.225230927555482
1.1215898369418
0.167042547008805
0.166116881520872
0.165204754313228
0.842768054306883
0.178476144455262
0.177168730454329
0.175886889608652
0.174629819848143
0.173396753101273
0.172186953497591
0.84271108378009
0.193955334927523
0.192376832309885
1.13039126538075
0.205381431201356
0.203921394428728
0.202488514802754
0.2010819881305
0.199701042195013
0.968342636731162
0.175962312737744
0.174736581115544
0.173533627161819
0.172352770828157
0.171193359538729
0.170054766804667
0.822652294843095
0.168254963668562
0.582576170047678
0.20384648796514
0.202448852091245
1.0595186591133
0.173415380610565
0.172330420875296
0.171263477110815
0.170214066935746
0.169181725477593
0.586783702298929
0.173682199733856
0.172526184027505
0.171390676939479
0.170275092883327
0.169178868920386
0.583100991815317
0.173856989428649
0.17278706412125
0.171734596816868
0.170699128060249
0.977098583948318
0.198531602636053
0.196890566256272
0.195285483076476
0.193715101362584
0.192178227904025
0.190673724620546
1.04766773549885
0.170103071172965
0.169137547436506
0.168186500003453
0.167249577628707
0.166326440641877
0.165416760469692
1.13579382313133
0.230127283613969
0.228417930720734
0.226741320354089
0.225096464041005
1.17405613856081
0.207082831981529
0.205635889298932
0.204215354363186
0.202820460080578
0.201450469267194
1.05529297897046
0.171165539175338
0.170113281176357
0.169078207716846
0.585756485141635
0.17128306265066
0.170169453646728
0.169075153924004
0.167999624002938
0.821311710331945
0.169895030956012
1.0589993383601
0.196156639087058
0.194603559414083
0.193083064705845
0.191594066621867
0.577370857999668
0.230392447852809
0.22870801598487
0.227055308261367
0.225433382796509
0.223841334935257
0.585281004637404
0.193831414572538
0.845034831553081
0.171495209929136
0.170399619704893
0.169322676589401
0.168263869009875
0.16722270442154
0.166198708422547
0.842101925521913
0.197678265474183
0.196167854701851
0.194687958569339
0.193237595342858
0.968446238573755
0.174700585838696
0.173604248142344
0.172526180270725
0.171465891649157
0.170422909553567
0.581384722410695
0.967250967975815
0.225530562918162
0.223942662634845
0.222383606260367
0.22085256559051
0.839084497075836
0.171069340423991
0.170009002799531
0.168966150108751
0.167940317202246
0.166931055714924
0.165937933308354
0.825487599906845
1.17025888198301
0.206030725614183
0.20459240117817
