0
0
0
0.994835155160599
0.728883806837053
0.515884658654056
0.810650732245609
0.995131327816818
0.729013541497772
0.515917791725342
0.374425613137348
0.283764996309142
0.732349182532368
0.921380354583694
0.712158770612658
0.526563877811183
0.391507878558548
0.299848295852497
0.701014011702975
0.996019530448644
0.72940227864059
0.516016862678346
0.374416628757143
0.769196163342438
0.996389430299163
0.729564028508801
0.516057994986029
0.374412819777975
0.28370832660405
0.223950824042392
0.701413648028227
0.24492198182926
0.202568240689893
0.170913385504215
0.146748938805375
0.588578252773964
0.997276420281983
0.729951530363874
0.516156300791498
0.374403501639253
0.283668228967281
0.223905713954784
0.701891769946212
0.373843041682553
0.292574220874005
0.235128136731481
0.19381546656393
0.54036381156186
0.23680224083485
0.194987934192746
0.164182245303559
0.140874757736545
0.608161791374576
0.292415338543837
0.235055874345783
0.193787317454535
0.163329623217907
0.140250948656047
0.122331098586527
0.589585620082452
0.131049552691524
0.115736312770011
0.103303691246319
0.0930577191179074
0.0844997995096472
0.0772656394047486
0.506830216918382
0.171745865821264
0.148027268132697
0.129362006239047
0.114415221079423
0.102251386393201
0.544203267232257
1
0.731138277888805
0.516455381814291
0.374373365247466
0.771693338793632
0.116370964492946
0.103810001647334
0.446578653649078
0.197349860170861
0.165837878142971
0.630362858545872
0.099097066940885
0.0898714135752966
0.0820652508086822
0.0753935712434947
0.486931217878063
0.291610567120765
0.234469171690736
0.193351384453454
0.16299793994274
0.532139827186261
0.477907824739889
0.197402439725239
0.165866139984792
0.142085547944505
0.610535791845144
0.148171268562551
0.129472023156249
0.114500867446044
0.102319186268045
0.397621769584931
0.0772449225351091
0.0715540105227885
0.0665653645320647
0.0621648898595835
0.0582606412266311
0.405935502804614
0.13226966959477
0.534521920969694
0.0979111454876025
0.0888941584488113
0.0812506674331134
0.0747075081752457
0.314790661768844
0.0574216083935236
0.0540953543162278
0.0511012127997567
0.0483946360567491
0.0459383486799689
0.0437009806892801
0.391380531126698
0.137749845560971
0.121441094301245
0.549676938346663
0.15189158379691
0.132294742523716
0.116685414361734
0.104040105611636
0.0936381245854708
0.534557810791824
0.0995791984584607
0.0902612107490088
0.0823840532553182
0.0756570095129445
0.0698589926918825
0.0648197669606061
0.472345237466252
0.0439074462098663
0.0418745333994552
0.0400078506903327
0.0382888431405779
0.312326493101377
0.123691995411337
0.110287828510909
0.099213117278429
0.442037374116238
0.0642470224961702
0.0599996626855992
0.0562370527538402
0.0528847269910796
0.0498821695146411
0.427633373383771
0.114181002395217
0.102671070650755
0.0930311435446815
0.0848722788275361
0.0778997836661747
0.483186569564944
0.0786268619833015
0.0723805894912195
0.0669797857771954
0.0622718136770885
0.0581373816611504
0.054482185756966
0.450782962375055
0.0949121794461184
0.0865914960266557
0.0794714147306309
0.073326662944095
0.473069584553871
0.443827128458649
0.0746009585722576
0.0690821683822788
0.0642564876583419
0.456812114242162
0.0503827450140855
0.047675736811545
0.0452248581568632
0.0429970516754255
0.262646677566992
0.0579364093066869
0.0544487207479985
0.0513259526455592
0.0485164760135259
0.330837963044311
0.0763166826536354
0.0706569677879313
0.0657047340272349
0.0613429589041665
0.0574778655878809
0.0540336714141632
0.310252797149606
0.0433531644067572
0.0413205809774827
0.0394575406816986
0.0377446294957524
0.0361651915804495
0.0347048695591048
0.368862161886204
0.072095652654391
0.0670236686495287
0.0625550939835861
0.0585947278344209
0.0550654397473665
0.0519042633420905
0.314091901925477
0.0351083603074792
0.0337430381890022
0.0324737213114035
0.0312910536753034
0.350582492731442
0.0928587830593259
0.0845288443340367
0.0774472793767828
0.0713679944820752
0.0661029014882083
0.476907875758623
0.0516812683289998
0.0489083406896254
0.0463950722919798
0.0441085048648885
0.042020812681172
0.28451449403371
0.0644672759930868
0.0602721118965995
0.056545373889874
0.0532169639980019
0.0502295263440707
0.0475357832809554
0.413409015224973
0.0656378502886702
0.0612001993261688
0.0572800949564765
0.0537963227418608
0.0506832047012761
0.431722511324126
0.0496677978905671
0.0470529540631731
0.0446801908435436
0.0425189651482679
0.364650490426109
0.0423714007771825
0.0404564457297382
0.0386949827986908
0.0370701626170723
0.0355674260419812
0.366173125757946
0.0410084625703643
0.0392120934391265
0.0375555413823531
0.0360238874025285
0.343397277216659
0.0551419584431488
0.0519865474755445
0.0491453710575842
0.0465760777525822
0.044243309572231
0.34387288565409
0.0358961464209603
0.0344965986525382
0.0331950606409688
0.0319820623542246
0.0308492743732934
0.0297893460471511
0.342076706932832
0.0513364240867585
0.0485208517569294
0.0459770351826223
0.0436691992954041
0.0415673783337783
0.335316731394864
0.0365024753289834
0.2451702207953
0.0417844679291971
0.0398751206589123
0.0381216453292084
0.0365065201341795
0.0350146733232923
0.371494710094347
0.0486168630106951
0.0461086509041031
0.0438282210243507
0.0417473617115049
0.0398421713328239
0.0380922899611341
0.209394515631627
0.0367301053326013
0.348859445875896
0.0333139262996792
0.0320774418944434
0.0309242264156594
0.0298464906383759
0.0288373588346392
0.0278907418792105
0.307546725593295
0.0450788043847752
0.0429073418431548
0.0409209317628
0.0390979981043066
0.260019804322052
0.0282944146464862
0.0273904008969914
0.0265394258280533
0.289395295173712
0.0392115459909718
0.0375490143633171
0.0360123648354423
0.0345884840859242
0.033265957040316
0.286487349231405
0.0310056700546257
0.029941772200534
0.0289442372806738
0.028007313923488
0.216954528939733
0.0270337762520749
0.0262110083203071
0.025434309459935
0.0247000731336248
0.294603772551393
0.320130393941368
0.036230314742462
0.0347724312429002
0.0334204432738838
0.0321636928206527
0.0309928635890903
0.0298997813688267
0.274183148551433
0.0375872167064489
0.0361015254779208
0.0347200804562594
0.0334328711596167
0.0322310766598295
0.324813391300565
0.0252402641141528
0.0245223346928166
0.0238421388341677
0.0231968990712575
0.0225840962226371
0.274786156665815
0.0297801016178374
0.0288115918157499
0.0279002667116057
0.0270414438837014
0.0262309211160568
0.025464918127668
0.276540938611053
0.0451293758657267
0.0429393440474775
0.0409376073932803
0.0391019886577099
0.0374135449964693
0.283056236906835
0.287183938471665
0.317765127994066
0.0231328202987963
0.0225275903207142
0.0219518110350228
0.0214034702463989
0.0208807298680487
0.020381907909548
0.244571522691028
0.040020182243375
0.0382674614583818
0.0366521026746615
0.0351592660250579
0.0337761078626781
0.0324914647034046
0.359914234334621
0.0261044925964812
0.0253505372553617
0.0246365505872963
0.023959577997861
0.278515047255218
0.031201203963292
0.030101701765874
0.0290729249472141
0.0281085288943808
0.0272028849714301
0.0263509845236167
0.248872109317647
0.0343960541944439
0.033153847138649
0.031991560640535
0.0309021478799348
0.270219921552725
0.0383173703712335
0.310122560901246
0.0308557400781523
0.0298478015545311
0.0288990044673953
0.0280045730485239
0.0271602112426061
0.252156164196653
0.0384579518225613
0.313432221512242
0.0245919269460749
0.0239213958638606
0.0232845615891495
0.0226790586879561
0.261407129591629
0.0270951963726748
0.262063350496821
0.0369566759193245
0.280034090680383
0.0274185979090073
0.0266137868019952
0.0258518410529053
0.0251296025380076
0.0244442039399698
0.216174488440399
0.0230466108341954
0.0224572969708544
0.0218958859586787
0.0213605293840032
0.0208495334447441
0.0203613435301027
0.282810702715447
0.0371372118400747
0.0356724972607104
0.034310618844861
0.0330416710251997
0.0318569315268271
0.254113295324743
0.191694560454681
0.28163117528377
0.0218907860335637
0.0213443625512478
0.0208234268815552
0.020326305213625
0.0198514632573148
0.243746387053168
0.020819227003728
0.0203354288814762
0.0198726326990114
0.0194295584066322
0.255180595396867
0.0257654474534799
0.0250587307747416
0.0243872733071524
0.0237486414128895
0.0231406114243532
0.0225611482569169
0.246958556809778
0.0343795572786562
0.0330584196090051
0.0318292340099131
0.35231832945737
0.0396065714329949
0.0379351608120245
0.0363890385974822
0.309327863160657
0.020482527521268
0.0200032361087808
0.0195450052926269
0.0191065298197384
0.0186866072854926
0.219384030896117
0.0326589376655179
0.0315079967007316
0.0304300224383358
0.0294186288233604
0.028468126845781
0.027573434884022
0.204138814251397
0.0190544319321643
0.0186395707749494
0.0182417640695969
0.0178600213394371
0.0174934253587126
0.220080945481813
0.345709830991124
0.036772957930549
0.0353282034545373
0.0339846797576644
0.0327326406728447
0.271547308257685
0.0233663053896968
0.0227776281719237
0.0222161858665089
0.0216802265703957
0.175630276764854
0.0301416810129278
0.0291320971660293
0.0281840582347492
0.0272923444007642
0.0264522917202425
0.0256597219119354
0.263234711069282
0.0180484116385629
0.0176760478541758
0.0173182507213202
0.158555837321908
0.0330875962023616
0.0319076792591422
0.0308033568633361
0.0297679468743871
0.0287955033979492
0.249685373891759
0.0221189135812329
0.0215901157613788
0.0210846347055584
0.233490132602052
0.0346198070317486
0.0333076530006743
0.0320850208194269
0.0309434638506455
0.0298755307556206
0.0288746270893777
0.332268111871979
0.028663414608427
0.0277611921202041
0.0269106264410599
0.0261076082694267
0.27451121341575
0.0292141846965987
0.0282832095860624
0.02740604707176
0.0265783832950823
0.0257963374872914
0.229317550272809
0.0215394123018594
0.189208574488657
0.0213288814171487
0.0208181679614315
0.0203302437939319
0.0198636806054367
0.223597731855846
0.0266710479538703
0.0258703248425326
0.0251137671250153
0.0243979683487175
0.0237198534543761
0.211651459775336
0.0218182258304265
0.0213084669751235
0.0208206383499984
0.0203534281254991
0.0199056230234731
0.220421756817271
0.0267545120864604
0.0259653978445181
0.0252188158525016
0.0245115738688181
0.0238407808036805
0.0232038129912689
0.299306684434324
0.0298288902815059
0.0288375926979394
0.0279062805386012
0.290529287066586
0.0185831509409357
0.0181880182478701
0.213959953760528
0.0281375650503483
0.0272572998015535
0.026427311062914
0.0256435976797299
0.0249025588786745
0.0242009466866718
0.27799952116696
0.0267512825900093
0.0259630966902954
0.0252173277658691
0.251359310719262
0.0185941954074447
0.0182009780218581
0.0178234506247402
0.0174607290826869
0.226109633949283
0.0206098245371097
0.0201520100964639
0.0197130237472994
0.0192917858752254
0.214922874226752
0.0246752120571689
0.023991004311162
0.0233417811591521
0.0227250379330545
0.0221384964321265
0.021580080504231
0.252789773407695
0.0178711771504344
0.0175085690830819
0.0171598807575971
0.0168243570912397
0.219222824056369
0.0196076910802647
0.0191929035399292
0.0187944286610385
0.0184113706692681
0.0180428958029447
0.0176882272023391
0.153149003765783
0.0251019554381765
0.0243877226802998
0.0237109867804789
0.023068987999196
0.0224592233504514
0.0218794180928754
0.234854689147909
0.0172572733009522
0.016919643057309
0.0165945393210724
0.0162813050080067
0.0159793269589522
0.210603017151012
0.018032579218323
0.0176798493302897
0.017340051671295
0.0170125220507642
0.0166966394104938
0.0163918224803869
0.146278273252659
0.0223635183800367
0.0217925354192852
0.0212486781905435
0.0207301333083598
0.0202352411522484
0.263431009126127
0.0224962640207038
0.0219225125482061
0.0213759358245465
0.0208547252523061
0.269809572427816
0.0218833453789955
0.021342618700508
0.221558201269342
0.0206139348154018
0.216149302281127
0.0165551949383005
0.0162442373203659
0.0159443935162658
0.0156551012826441
0.225304938215117
0.0209084103957547
0.244884020741959
0.0216820132248743
0.0211547557751939
0.020651316879874
0.0201701863303259
0.0197099751327762
0.243492823253681
0.0170499665833479
0.0167328579410164
0.0164268694505997
0.0161314534046269
0.0158460962840663
0.0155703162046041
0.189146562874399
0.0160865721051067
0.0157935013587248
0.0155106112858863
0.144714418560315
0.0271408467501711
0.0263285952722897
0.0255606759210777
0.0248337206732125
0.243309560616828
0.0157610927654987
0.0154810458114099
0.0152104981946349
0.0149489937408147
0.0146961042267437
0.0144514273178807
0.191691480535496
0.0159746767945864
0.0156954029309558
0.0154253947493827
0.0151642194391305
0.0149114698652547
0.154488405977896
0.0204119526122107
0.262498508855839
0.0258461961146964
0.0250988080607716
0.0243910775403034
0.0237200638796555
0.0230831012944627
0.0224777682994462
0.202224820051602
0.0151828014272694
0.0149306215237443
0.0146864306061891
0.0144498718425678
0.179679569855353
0.0221630016349358
0.0216049686595337
0.0210730483541385
0.0205655225413943
0.0200808163530701
0.269525867350254
0.0228754357798692
0.0222848679152205
0.0217225339202735
0.021186539440811
0.280855298563672
0.0203809935058258
0.0199082076164111
0.0194559261695475
0.0190228960377818
0.0186079613701385
0.0182100545389098
0.253673132022484
0.0214989361258817
0.0209773600926931
0.0204793077908205
0.0200032883047559
0.0195479304511937
0.236755201471992
0.254244090838061
0.303772141972839
0.0231727124534732
0.0225761026799434
0.214218384061188
0.0198192209738203
0.0193753820838427
0.0189501373474914
0.0185423897474721
0.0181511244379011
0.0177754013678698
0.172771989879993
0.0152050088451918
0.0149513555474931
0.0147057687783119
0.0144678867065077
0.0142373681450517
0.0140138911366047
0.17044262504636
0.0271517455909773
0.026347523780214
0.0255865934143782
0.0248657182747505
0.0241819654571691
0.0235326717066761
0.220264345350236
0.0217036571655404
0.0211761484911546
0.0206724128087896
0.0201909471256185
0.0197303686797978
0.222339604193281
0.0237506217888628
0.0231281333148578
0.0225356127967888
0.0219710462106331
0.252283051464936
0.0191395563911252
0.0187201871514136
0.0183180818927281
0.0179322367521012
0.0175617221623574
0.215475298243185
0.0160452073835498
0.0157517264551313
0.0154684701618603
0.0151949336264316
0.0149306438058689
0.0146751570727524
0.173260411306826
0.0186005818903326
0.0182072459855466
0.0178295466659396
0.0174666064315656
0.0171176104342463
0.218762434759168
0.0224342266829805
0.0218776703613526
0.0213465727652108
0.020839305546774
0.0203543717590437
0.241323022980642
0.0180760652012295
0.216994113977129
0.020510133072819
0.0200434546431446
0.0195964927495176
0.0191680795404343
0.19956447504852
0.0151479906650637
0.0148860887925435
0.0146328547783304
0.0143878813812611
0.0141507858265844
0.0139212080323658
0.167321301124472
0.0176269208033613
0.0172732540914285
0.0169329814987966
0.0166053859261577
0.016289799182545
0.160199738267201
0.0152074609651883
0.0149509252218356
0.0147026341479518
0.0144622134292086
0.17589591610422
0.0142601318194508
0.0140281082634885
0.0138033500895157
0.0135855338621588
0.013374354581426
0.13508516573958
0.0197152168030913
0.0192835000821569
0.0188693840158195
0.0184718615098404
0.0180899984239498
0.017722927255138
0.188700000025224
0.013643789639957
0.0134318679668606
0.0132263054456874
0.013026830579443
0.0128331867225234
0.171779003498386
0.0148962670131543
0.0146501691546056
0.169287602460531
0.0180061932347475
0.0176445949383347
0.0172966216280981
0.0169615506504311
0.214495604694065
0.0190823410990671
0.0186670765517672
0.0182687610044843
0.236323856494314
0.0170397586462951
0.016708490698141
0.0163894090763357
0.0160818793231021
0.210633779974637
0.0248845696388669
0.0241971983003595
0.185965312349844
0.015046559157642
0.167821268804904
0.0173252073617594
0.0169908195217574
0.0166685779211092
0.0163578610272352
0.0160580877081416
0.160102124133095
0.147009805079886
0.0216723926316397
0.0211422166809174
0.0206361038297908
0.0201525197342693
0.0196900539739364
0.0192474080836146
0.217897988786211
0.0163184178081834
0.0160217371558109
0.0157352602579035
0.0154584919654907
0.0151909676942029
0.014932251158793
0.196578522579496
0.209597414608632
0.0136412519553043
0.0134288367760554
0.0132228104347623
0.0130228993987003
0.0128288451447427
0.198339729601124
0.0248452732767225
0.0241638223151144
0.0235165713725427
0.0229011268249902
0.0223153058719777
0.0217571144689259
0.198981037289907
0.0130915974623397
0.0128964350969556
0.0127069126026692
0.0125227978143555
0.012343870823229
0.0121699231939551
0.127769529558852
0.0154016230596886
0.015136565014786
0.169364579330256
0.0199392281463198
0.0194875457234218
0.0190549695734075
0.0186403609015789
0.0182426671156395
0.162892434533854
0.0124523172932972
0.0122761025458319
0.0121047455210361
0.0119380552495249
0.011775850398656
0.0116179586836002
0.187609199869533
0.0222876324926042
0.0217338079945522
0.0212053818600652
0.0207007228128426
0.0202183319347309
0.229303550080386
0.0186320429186638
0.0182369760674239
0.0178576271748701
0.0174931135404443
0.237529018436368
0.0174126296619817
0.0170654458534239
0.234894389487964
0.0203741738145115
0.0199058947226132
0.0194576465878915
0.0190282243039471
0.0186165146972063
0.201010829213718
0.0120449690359871
0.157992391845533
0.0168740106078444
0.0165611312776436
0.0162591550341849
0.0159675477189597
0.0156858083575451
0.0154134666916381
0.181552690299007
0.0174750907859926
0.0171273053936973
0.0167925697990486
0.0164701917131345
0.0161595256323953
0.0158599690374447
0.151815789560383
0.012388735137643
0.012214844249678
0.0120457042781409
0.0118811301992325
0.156992661123392
0.0181377187654221
0.0177633384886014
0.0174034809358861
0.0170573504577728
0.0167242068833452
0.229056024155951
0.0161983526633813
0.0158990005925305
0.0156101429496545
0.0153312585166801
0.0150618591140092
0.0148014870783925
0.17255873287575
0.0170024609609074
0.0166734034282607
0.0163563717411821
0.208316677217207
0.0159935801675789
0.0157110034919381
0.0154378565761095
0.144985643498542
0.016576438153428
0.0162650267271581
0.0159646773463954
0.0156748342830081
0.0153949773877469
0.0151246193506685
0.163109600897207
0.0214117677722545
0.0208972573991638
0.187524154829104
0.0124560627386435
0.0122800165299964
0.0121088072064597
0.0119422453458502
0.15580422606861
0.0196910027010275
0.0192514333240225
0.0188301733235176
0.0184261483884689
0.0180383642448625
0.0176658995094765
0.191083464790946
0.0121803275964874
0.0120125348707601
0.0118492438621104
0.0116902823966447
0.0115354867503056
0.152203806974972
0.0179305894300288
0.0175648354370449
0.184486415712448
0.0117122251229033
0.0115577257466459
0.0114072117492342
0.0112605364826162
0.13993844998615
0.0156107464155758
0.0153315542480026
0.0150618630528782
0.0148012140816162
0.194729636144213
0.0215392044092835
0.0210211115618203
0.0205260510313307
0.0200525874789537
0.019599398653972
0.0191652647583565
0.226594199404529
0.0172213108944597
0.0168872123728318
0.0165653083318278
0.016254970625164
0.194387511490086
0.0180610747426415
0.0176917328732397
0.017336560303971
0.016994790049437
0.219942675168668
0.0160371216505551
0.0157440157938264
0.0154610667858575
0.0151877760544102
0.185250423690985
0.0165445382236589
0.016236632001009
0.0159395372533099
0.0156527178641789
0.015375671556104
0.0151079273244633
0.166127339300441
0.015445889192349
0.0151746268193409
0.0149124200967104
0.0146588405821799
0.203439304739973
0.145325401066825
0.0167681881994003
0.0164560994251247
0.0161549303619044
0.0158641429360889
0.0155832327426607
0.0153117265198509
0.169340807908481
0.0175257505594552
0.0171780236953842
0.0168432642070861
0.016520789354399
0.0162099621356808
0.221390866300339
0.0199564023404883
0.0195081027007566
0.0190785303961106
0.0186665853551363
0.018271249429696
0.0178915790936572
0.158704896435058
0.0156237213792682
0.0153519584015366
0.0150891371124386
0.0148348422408021
0.0145886830553759
0.0143502916231182
0.165484486203607
0.0122968435718825
0.0121247923952602
0.0119574173103125
0.0117945371011683
0.150325510827457
0.0166401765095713
0.0163262316325459
0.016023462028433
0.015731305286247
0.184982978570416
0.0158810514593655
0.0155957984168993
0.0153202451710201
0.0150539250758679
0.0147964001054274
0.148655162900299
0.0147024069712354
0.0144612162993354
0.0142275514361478
0.156154814712125
0.0149922842012158
0.0147383601868936
0.0144926165905331
0.0142546800950105
0.221704738583113
0.018524914769501
0.0181362844809535
0.0177629045356754
0.0174039311566224
0.0170585798939229
0.0167261206215409
0.219536352873753
0.0161958946069937
0.015898629126233
0.0156116749014876
0.127232369393077
0.0145743349248907
0.0143378754296058
0.0141087139651513
0.0138865320449766
0.135852140716671
0.0157922594715561
0.0155074875894076
0.015232452293607
0.0149666817913505
0.145567026447309
0.0124718204008957
0.0122943483310305
0.142089452251455
0.0169918290462397
0.197766240804469
0.0147578637853672
0.0145119641323727
0.0142738666115896
0.0140432204383966
0.0138196949617813
0.0136029782721772
0.215705237186377
0.0172595484756386
0.0169208236969671
0.0165946048933349
0.0162802395303708
0.18369402401185
0.0173208475796024
0.0169804060469564
0.0166525437668155
0.016336604156002
0.0160319742557476
0.210941694417897
0.0162291477744747
0.0159311239004945
0.0156434347959324
0.0153655736962559
0.0150970654989193
0.177121462068898
0.0139724775511232
0.0137517329014466
0.0135376605837875
0.0133299743642551
0.138401577333118
0.0145674194343128
0.0143306990133488
0.135563376418793
0.015637499581964
0.0153582312948156
0.0150884238047076
0.0148276227774946
0.0145754017377813
0.0143313600108002
0.142339083247348
0.012975193861483
0.0127829833085593
0.0125962661064885
0.0124148186586538
0.149774228622106
0.0155191623826055
0.0152464117942656
0.0149827452773841
0.0147277345111925
0.014480976934709
0.0142420938819301
0.12265256861387
0.0147139729811132
0.0144732083625692
0.0142399217538116
0.0140137849451121
0.132382619676331
0.0147159934273424
0.0144682821909936
0.0142285193274984
0.0139963427041716
0.189965829849606
0.0167925034257054
0.0164714754639039
0.0161620102791285
0.0158635188754859
0.0155754504871361
0.015297289594471
0.186963875973447
0.0139937886434792
0.0137719422534838
0.0135568193086103
0.0133481305845334
0.0131456027628681
0.0129489773759092
0.149429126586761
0.0143320430027742
0.0140974734396132
0.0138702339883856
0.0136499993109699
0.183930810443905
0.0156140262470454
0.015335899914451
0.0150671610379391
0.0148073606140777
0.0145560770531388
0.182926377604909
0.0174800403707941
0.017131330980488
0.0167956881166656
0.0164724197316483
0.158849961803142
0.013161194572112
0.0129627801772852
0.0127701236124537
0.0125829869399594
0.153847724362843
0.014003902658502
0.0137803308877441
0.0135635843232243
0.0133533669480114
0.178982711301123
0.0147626002572862
0.0145194655481452
0.0142839254477737
0.0140556446363718
0.0138343066548063
0.168692739344543
0.0149845661922614
0.0147282745880552
0.0144803149651289
0.0142403030844061
0.0140078773461302
0.0137826971817874
0.161229941348835
0.0136611315815344
0.0134487584112726
0.0132427086026713
0.143218723883395
0.0169991262258586
0.0166694174010949
0.0163517395661587
0.0160454718821794
0.0157500343292597
0.0154648844796478
0.197328478912654
0.0134656108138143
0.013260051500581
0.0130605061264537
0.0128667247253635
0.0126784706243286
0.0124955195900218
0.129692593410375
0.0131794789861559
0.012980263809368
0.0127868397432666
0.0125989670627839
0.0124164187640772
0.146709810958261
0.014370763770997
0.0141397169622662
0.156919311882538
0.0125961282860382
0.0124147186263106
0.0122383535764628
0.0120668332289609
0.0118999678381288
0.0117375771950411
0.136296200162476
0.0143670758351892
0.0141307208000641
0.0139017810949832
0.0136799262331081
0.013464844569217
0.0132562420032446
0.172658805188112
0.0160166530427675
0.015722840115537
0.0154392132461898
0.0151652720860299
0.0149005476533049
0.0146445999651969
0.147449070247819
0.0120428941033812
0.0118771095737691
0.0117157485683129
0.0115586427099413
0.0114056318502261
0.011256563582322
0.168590743296243
0.0148888178052739
0.0146346652225572
0.0143887585347174
0.0141507179902678
0.0139201861941397
0.013696826520267
0.140588570143572
0.0114711595307312
0.0113210283904869
0.0111747227930056
0.0110321035373749
0.0108930379312509
0.010757399421971
0.129692245819117
0.0137492254827921
0.0135322109650866
0.0133217504614189
0.169691288050141
0.013982181411538
0.0137579332797755
0.0135405558783404
0.0133297499367281
0.188168030189775
0.0145881669347475
0.0143438461661209
0.0141073146582072
0.0138782196858038
0.0136562289533201
0.151127618092476
0.0134527292530674
0.0132459842600212
0.0130453256616127
0.012850498658538
0.0126612621097266
0.0124773876478811
0.169756588159408
0.0151176276610696
0.0148613573215323
0.0146132972477253
0.0143730757041684
0.130018900664017
0.0126720584804115
0.0124888277458296
0.0123106987454687
0.0121374692116264
0.0119689471566078
0.134788588961782
0.0137669060707386
0.0135496554807513
0.0133389590179525
0.0131345355374293
0.184424314059293
0.014085896345922
0.0138580116463644
0.0136371626542809
0.0134230405814992
0.013215353986334
0.135575497064962
0.0147049000260239
0.0144625997358725
0.167437025790916
0.013991463838454
0.013766745333641
0.0135489175066481
0.0133376799688726
0.0131327490940185
0.155333075425061
0.0123362297705737
0.0121626554961296
0.0119937943120557
0.0118294638790754
0.0116694909055141
0.124260126907367
0.0115607351332757
0.0114071987452479
0.0112576263648707
0.0111118717664717
0.118894570967468
0.147212231788682
0.131522609045228
0.0136135096427491
0.0134013529189898
0.013195522442702
0.012995749946179
0.162240524489222
0.0134927848327327
0.0132840570620687
0.0130815133008597
0.0128848928715593
0.152225296209347
0.0122720662311465
0.0121018159311936
0.011936122127971
0.0117748112592903
0.15210818410149
0.0141555766465446
0.0139271598548105
0.0137057654496221
0.0134910869239162
0.0132828348754581
0.154899495168542
0.0131562039585385
0.0129582360241654
0.012765983215454
0.0125792107319671
0.16311674402271
0.0134762172276816
0.0132695413414468
0.0130689286292546
0.0128741263236074
0.0126848951414027
0.128924010298042
0.0152488094630092
0.0149885468434402
0.0147366655517766
0.0144927843603237
0.0142565441154647
0.154298529674234
0.0117018115039612
0.0115443362081085
0.0113909748420522
0.0112415738692473
0.01109598711836
0.136857296898332
0.0175288266624187
0.0171740027587186
0.0168326660424232
0.0165040906513358
0.206835506592732
0.0123029637013567
0.0121315850102722
0.0119648079125823
0.0118024565552264
0.143623021290274
0.0167431877284642
0.0164200760620094
0.0161087047263154
0.015808469348438
0.0155188052519252
0.0152391843179326
0.172738246115462
0.0131633729423946
0.0129659130436563
0.012774128431718
0.0125877871498238
0.141681067847806
0.0114766016700879
0.0113251711064893
0.0111776247661202
0.0110338202591977
0.0108936219073739
0.0107569003600945
0.127052406731735
0.0132732315532465
0.013071253730708
0.0128751637329367
0.0126847173123053
0.125468002867164
0.0148836160708882
0.0146348222745702
0.0143938900857179
0.0141604682497822
0.0139342255091096
0.163579373159341
0.0128887286610789
0.012698837450415
0.0125143169980343
0.0123349510821382
0.0121605346357042
0.122148147831433
0.0141167481494944
0.0138930309518955
0.013676044526652
0.0134655021923979
0.15952595080851
0.0123462827734471
0.0121724354327055
0.0120033043731199
0.130370377741928
0.0111724811074388
0.0110288502374939
0.010888816797059
0.0107522519169846
0.0106190326674224
0.132557783468704
0.0159356872586019
0.0156417861678984
0.189550990596102
0.012229870718637
0.0120599390839244
0.129045268507189
0.0108143276561447
0.0106802623865631
0.0105494455003713
0.0104217643712586
0.0102971113986382
0.0101753837354147
0.15789539664761
0.0144853435287462
0.0142432285558995
0.0140088128827897
0.0137817484734695
0.0135617074258123
0.181634274834084
0.0134035611075803
0.0131981900315255
0.0129988360619206
0.0128052485196356
0.0126171900961323
0.19313328310548
0.0137820710056926
0.0135632005458037
0.0133509673920513
0.0131450851710034
0.0129452833348999
0.175014266578617
0.0128900251786664
0.0127004547387281
0.0125162317727903
0.0123371416517002
0.159315090250015
0.0141497848085463
0.159692965817445
0.0125543205578821
0.0123754745805548
0.0122015244922208
0.0120322796148223
0.153041137511887
0.0129563584240332
0.0127645962312252
0.0125782763379573
0.0123971789526221
0.0122210956551826
0.124071298101489
0.0143888566449089
0.0141573582578896
0.0139329099377819
0.152033719101963
0.0164080125689414
0.0160974602535529
0.0157979817589254
0.0155090173838984
0.0152300435353027
0.128779563828909
0.0141028365149317
0.0138811980009856
0.0136661599643254
0.126751784913564
0.175213794739912
0.012787596773686
0.0126012153035453
0.0124200474808782
0.0122438857657586
0.0120725332022167
0.0119058027658676
0.150356041562971
0.0126014232548125
0.0124200868109681
0.0122437655894254
0.0120722620774115
0.0119053887327808
0.148613079595702
0.0156067015332126
0.0153256546813943
0.015054176442671
0.0147918045339587
0.0145381052087453
0.191151071222934
0.0121660243876199
0.0119973580756105
0.0118331987949481
0.0116733749538386
0.0115177233383991
0.152571151000288
0.0140894946331768
0.013868531367903
0.0136541318095224
0.0134460203691403
0.144550191850249
0.0111602353500716
0.0110160641042328
0.0108755191579714
0.0107384699588032
0.0106047920045789
0.117401184632667
0.012290781281445
0.0121182287386794
0.011950340720815
0.011786937567865
0.0116278484942285
0.0114729110583529
0.145279507303928
0.190485283042479
0.0118510207695551
0.0116910958936899
0.119367036096648
0.0108545662393783
0.0107185938342514
0.0105859465481271
0.0104565079463791
0.0103301668444774
0.0102068170205083
0.139789701415896
0.0118865047475464
0.0117263453326821
0.0115703509497823
0.0114183673044355
0.0112702474312495
0.14765495908663
0.0139153960418334
0.0136997467123171
0.0134904332774397
0.0132871925110331
0.142453589701143
0.0104505001720421
0.0103246993133671
0.0102018649403427
0.154875028854604
0.0146181833811023
0.0143723927448249
0.0141344469424556
0.013903990361571
0.0136806880042715
0.0134642240454497
0.187274805005387
0.0157700672584174
0.0154849496166734
0.180996602277993
0.0133136445125709
0.0131108863260239
0.0129140297997382
0.0127228306311728
0.0125370574663669
0.15005859337044
0.0137105267653201
0.0134942466096505
0.0132844756172553
0.0130809351288423
0.0128833617612521
0.0126915063958145
0.125980655854552
0.0105664504024969
0.1209067965779
0.0127660532433333
0.01257992845509
0.152538227567468
0.0121968683810647
0.0120262804364695
0.0118602904837323
0.0116987217913924
0.0115414063453387
0.181371823743026
0.0129532022317206
0.0127602589391857
0.0125728251482882
0.0123906767709884
0.0122136014040051
0.163344107624702
0.0119357201947924
0.0117736408819967
0.0116158069390153
0.0114620598999642
0.141197041956817
0.0160449986235122
0.0157509795748105
0.0154670993156406
0.0151928629672802
0.014927806449268
0.0146714941733934
0.144022751446326
0.0109765674318074
0.0108380878047815
0.0107030098088551
0.0105712139221476
0.0104425860258755
0.0103170171079677
0.129879884604316
0.0141659340435828
0.0139414874695006
0.0137237715861661
0.0135125009383138
0.148956312716058
0.0131143961227466
0.0129181957558851
0.012727606418084
0.0125423999399902
0.0123623600303701
0.149669569097455
0.0120608546390241
0.011893702808792
0.0117310172884288
0.179723939945207
0.0127213085102026
0.0125349543753322
0.0123538393250789
0.0121777534525196
0.121368349929226
0.0106466998645566
0.12608689146697
0.0151484358629805
0.0148855524343725
0.0146312927135498
0.0143852555492655
0.123117337803644
0.0138752740091826
0.0136600804921282
0.0134512139028657
0.0132484110410773
0.0130514226649493
0.146365213364685
0.0145893170359334
0.198809688205388
0.0124741149336923
0.012295400581826
0.0121216074277011
0.0119525423149562
0.0117880218124071
0.0116278716215539
0.17382661497079
0.0147945185435829
0.0145459731314374
0.0143053213827823
0.014072208168553
0.174174379774319
0.0122551695318432
0.0120835674239629
0.0119165870793265
0.0117540511422222
0.0115957909845595
0.123260784284089
0.127025015083373
0.013399393312265
0.0131986166315649
0.0130035610495301
0.0128139956620081
0.139791121239659
0.0123374497087381
0.0121625717749732
0.0119924623592131
