0
0
0
0.763719519178532
0.559549771557253
0.396033944014174
0.287439358646929
0.595130237610699
0.763927390945661
0.559640835452317
0.396057208666674
0.287437300991056
0.217837426818667
0.621840292189956
0.707210481133247
0.546646035283149
0.404207921002155
0.300545968692805
0.230185899576714
0.666450233355317
0.764426142502043
0.559859187691503
0.396112905191449
0.287432299662243
0.595578225097364
0.764633891226408
0.559950078873422
0.396136050429587
0.287430186285343
0.217805645751243
0.171930340582365
0.543030077734354
0.193333404849541
0.15980476654243
0.134682096846636
0.115489585664692
0.392044832779345
0.765132125259921
0.560167905136559
0.396191417739525
0.287425035111281
0.217783162895778
0.171905021236148
0.323631587844722
0.22464070991672
0.18060212528479
0.148901885426149
0.125498843533854
0.41090467926086
0.184211903391285
0.15162472639396
0.127594479300773
0.109409728170167
0.404371088982705
0.224465068257859
0.180477306478296
0.14881106196037
0.125430957346597
0.10771029763638
0.0939480868619311
0.391586833404719
0.0998169734182888
0.0882060275144811
0.0787710568851027
0.0709893382320134
0.0644850064000715
0.0589832074741683
0.392183859660757
0.114365630267178
0.0998845612052679
0.0882964498587662
0.0788719839815984
0.0710937554708565
0.45031015779663
0.766662311471186
0.560835604776757
0.396360303040752
0.28740856891735
0.355615226654913
0.0877787103192269
0.0783865503761008
0.344196760209506
0.151301250496022
0.127186272311525
0.48721135225566
0.0750603648133534
0.0681156907979508
0.062234907477214
0.0572049248422779
0.223974966739159
0.211955431096731
0.170746132544035
0.14120863587188
0.119407202955901
0.261425540880643
0.404199424472027
0.142369297961505
0.120136003574272
0.103322753961228
0.469874214254494
0.104258235960381
0.0915109390659528
0.081275497340819
0.0729171787439604
0.206176172358283
0.0572513271469125
0.0531009991439846
0.0494576038568192
0.0462391801921909
0.0433796826535977
0.340385920620864
0.0973787180723699
0.410453099672069
0.0676435937088575
0.0616975827281659
0.0566341418451382
0.0522795679395797
0.170113922293136
0.0431825129205524
0.0407029412922812
0.0384693067830409
0.0364487424736732
0.0346137407741806
0.0329411445371657
0.369888991230353
0.105645166550128
0.0932017506966658
0.424844429408184
0.116261401218919
0.10131590735966
0.0893987546070575
0.079736056533634
0.071781796087152
0.354203725203561
0.0703792511313469
0.0641809804234039
0.0588927925293809
0.0543391006395073
0.0503847767262151
0.0469245916718286
0.418690553468845
0.0335696346778035
0.0320145362007994
0.0305864320134428
0.0292711556759177
0.258320701861118
0.0916725992493406
0.0818556849635993
0.0737385017473237
0.216561975740603
0.0473505743580653
0.0443275687826916
0.0416382632643903
0.0392329749111489
0.0370710562610532
0.193783652477741
0.0874039435448482
0.0786502255396359
0.0713068005808285
0.0650831423772144
0.0597583471246143
0.409208958412694
0.0595354443169195
0.0548584615134478
0.0508075777590614
0.0472709141492522
0.0441607976758791
0.0414077495745652
0.298100461368277
0.0681837039603746
0.0623717691950488
0.0573863668839808
0.0530729648567053
0.31059116269315
0.203562697515989
0.0506161715502048
0.0470975175548742
0.044003018455224
0.379460330093805
0.0362068675844295
0.0343559785278267
0.0326724941558079
0.0311356669009268
0.203610525412489
0.0420246276514507
0.0395838296371097
0.0373909623683859
0.0354117854162288
0.271798429556215
0.0588160681989091
0.0544659926813339
0.0506562606995967
0.0472982314801621
0.0443206915518743
0.0416659674488676
0.142639027191718
0.0314387598006955
0.0300265480298032
0.0287275475915113
0.0275292525924386
0.0264208763981413
0.0253930735675501
0.16738395812666
0.0518410428788348
0.0483034088180725
0.0451788182952518
0.0424027048200191
0.0399227507453541
0.0376962163670152
0.160771845432582
0.0250426083125014
0.02411891244258
0.0232570901383585
0.0224513684031717
0.229296000449016
0.0696681141320922
0.0635165466240364
0.0582743353120368
0.0537642951959423
0.0498505916596052
0.218406416611113
0.0365881425537463
0.0347070540888475
0.0329967487005754
0.0314360051381343
0.0300068642552756
0.214911198182319
0.0450266346671942
0.0422277471540132
0.0397322496238164
0.0374955173609268
0.0354809847547048
0.0336584535792648
0.267644500606463
0.0476962619978558
0.0445802332227732
0.0418176566434213
0.0393542950018366
0.0371461032469517
0.197359081287584
0.0364303641586914
0.0345699727112576
0.0328772471175579
0.0313315143312375
0.242260705518651
0.0304076089740864
0.0290806331364812
0.0278572377426526
0.0267262638865522
0.0256780508466777
0.304663856023965
0.0309682962361696
0.0296305444904157
0.0283952492586755
0.0272516485713316
0.318050555460316
0.0408859216534624
0.0386067365202967
0.0365490349530727
0.034683618840554
0.0329860153352413
0.231811939238491
0.0261854810904269
0.0251891001985244
0.0242611737537217
0.0233951740584285
0.0225853531011996
0.0218266323490919
0.154385377411546
0.0364146894930725
0.0345159059698307
0.0327928921634942
0.0312232954397822
0.029788290383881
0.255769024808961
0.0278797385600245
0.185556158684705
0.0301307587058061
0.0288061515859024
0.0275861972764767
0.0264594458719304
0.0254160128636868
0.243845525996471
0.0341559772922548
0.0324748509211317
0.0309412183754745
0.0295372536944857
0.0282478106555434
0.027059949049115
0.116629607027874
0.0279566976702788
0.310975468153441
0.0234563231087914
0.0226405671235275
0.0218765407392124
0.0211596629476121
0.0204858635713865
0.0198515155276277
0.144181579374437
0.0331509181511377
0.0316042383700286
0.0301854713705837
0.0288801022483466
0.121067727579117
0.019709136218418
0.0191228069400865
0.0185686798356705
0.137350426607299
0.0282488479502615
0.0271028629550796
0.0260402628616404
0.0250526596203614
0.0241327183959813
0.19410932660544
0.0220731162965804
0.0213484780372064
0.0206673603363572
0.0200261064311675
0.114551452040426
0.018527484487519
0.0180081015063284
0.0175156938828856
0.0170482885020766
0.136423515480021
0.145435471085924
0.0259843561413525
0.0249835034253827
0.0240526123358493
0.0231848684812863
0.0223742913948917
0.0216156134279718
0.20799153584054
0.0286234739890997
0.0275066294817643
0.026466716957361
0.0254964966791187
0.0245895704167872
0.287593558921997
0.017078978802366
0.0166353807958447
0.0162132439754345
0.0158111024411056
0.0154276176228382
0.128808264295316
0.020450050245782
0.0198287625259317
0.0192421124170423
0.0186873947317732
0.0181621711166455
0.0176642386673253
0.181523679187396
0.0325224876301868
0.0310155298712924
0.0296328339710902
0.0283603000249682
0.0271858166760661
0.228606179273785
0.254905651589462
0.279883591322857
0.0155056352659545
0.0151376330244215
0.0147860117643063
0.0144497389044
0.0141278648623195
0.0138195150289802
0.199930714405944
0.0274922080674355
0.0263668452612266
0.0253249791890517
0.024357981490013
0.0234583433526927
0.0226195032357125
0.268617572286602
0.0179982816794745
0.017511810650185
0.0170496877809313
0.0166101981683043
0.129185255854958
0.0224626519396191
0.0217042662548303
0.0209927892927639
0.0203241554739453
0.0196947441288849
0.0191013214598604
0.188022749450853
0.0263292192861716
0.0253903415027373
0.0245106404785294
0.0236850213271751
0.179874778362182
0.0279619300466781
0.20666992719159
0.023442174285365
0.0226883661427569
0.0219777930759091
0.0213070497546544
0.0206730637151812
0.168577377865989
0.0278556860417409
0.208657136200403
0.0167203782060513
0.0162982343350471
0.0158959252887984
0.0155121364235645
0.122947548581825
0.0196298449120449
0.197504969299871
0.026643567629702
0.246515023000913
0.0206627614464461
0.0200681424841512
0.0195043729696668
0.0189692416765463
0.0184607351993132
0.174266152707821
0.0155188029373613
0.0151537668713303
0.0148047935542037
0.0144708837945651
0.0141511175504642
0.0138446463960567
0.181460951730375
0.0271289856556694
0.0260990581190405
0.0251388228128141
0.024241790827888
0.0234022243436419
0.22147231430232
0.143994092132188
0.186375188261507
0.0147623739412237
0.0144276441724125
0.0141071930291695
0.0138001566442782
0.0135057378847639
0.116609926214239
0.0140982114557989
0.0137955354024474
0.0135050997373252
0.0132262027918852
0.206880814758648
0.0193560136108232
0.0188371573341243
0.0183434227560504
0.0178731295471071
0.0174247376526846
0.0169968334933731
0.117871934957494
0.0238341952594644
0.0229758385774758
0.0221740258245731
0.155859901721919
0.0283001488182028
0.0271671747015441
0.0261151514962146
0.23346533242385
0.0136627636278621
0.0133746853768152
0.0130980958784518
0.0128323438279756
0.0125768251615427
0.107936954725563
0.0241492610193896
0.0233242092935175
0.0225497904933208
0.0218217091433739
0.0211361247028797
0.0204895947381994
0.0967871110267531
0.0126226928124209
0.0123760536058492
0.012138580447912
0.0119097881395914
0.011689224403665
0.177853277804662
0.153676527611495
0.0263859523337463
0.025399457169662
0.0244789888318392
0.0236184467838849
0.181220787218375
0.0171861386260469
0.0167692187609599
0.0163707789720845
0.0159896800225734
0.13139747584639
0.0214509753121081
0.0207699078925864
0.0201283565736249
0.0195231149761354
0.0189513047709841
0.0184103357177156
0.174158963912124
0.0121098256668232
0.0118832493717289
0.0116647549961104
0.118953530219461
0.0236867403022923
0.0228837821586991
0.0221299034606975
0.0214209454277695
0.0207531903030593
0.167449624250938
0.0162334396389216
0.0158603984070169
0.0155030844301131
0.111947350880471
0.0229964427387609
0.0222025203942279
0.0214587044894967
0.020760567194327
0.0201041743547773
0.0194860199264604
0.287206305738751
0.0207064435867616
0.0200853084675233
0.0194980814169463
0.0189421830639623
0.224384312878668
0.0208895732299043
0.0202570212636101
0.0196593173911243
0.0190937865534436
0.0185580118656739
0.154679573337548
0.015537009799893
0.150618599457767
0.0143291577976236
0.0140161731845537
0.0137160361177033
0.0134279992391608
0.108146516317926
0.0188998946648667
0.0183643188512747
0.0178567220071903
0.017375050025652
0.0169174397756751
0.15806609643614
0.0157484630126605
0.0153992630033075
0.0150642719071699
0.0147426846924782
0.0144337536727661
0.195030294782642
0.01942137684384
0.018873893751537
0.0183545942144481
0.0178614532671314
0.0173926291544649
0.0169464436204673
0.264762995463461
0.0203824682453988
0.0197538589389621
0.0191609368107427
0.231926240632772
0.0123840904488693
0.0121474881353039
0.171352443849065
0.0195691248829474
0.0189927531314696
0.018447650834675
0.0179314338495713
0.0174419482018207
0.0169772435281292
0.127908181538953
0.0190043118796834
0.0184755100171792
0.0179736636034905
0.188503872007275
0.0124894251544028
0.0122504380070201
0.0120201290626338
0.0117980501533785
0.192022326365887
0.0149436778309349
0.0146282145426978
0.0143250238541975
0.0140334397116449
0.104124967588717
0.0169933422702284
0.0165529809326154
0.0161338461063009
0.0157344925233872
0.0153536000794334
0.0149899608249821
0.200693227150484
0.0121675405842031
0.0119416367994668
0.0117237002599958
0.0115133314098551
0.185660169502145
0.0140294308841206
0.013749887263199
0.0134806674863193
0.0132212383036061
0.0129711012371316
0.012729789878412
0.11362612307394
0.0177434758018651
0.0172691566257746
0.0168183028700173
0.0163892796891427
0.0159805967466419
0.0155908929197459
0.155473201649522
0.0118828670467146
0.0116682157514284
0.0114609364881157
0.0112606692960308
0.0110670767150612
0.177692294840518
0.01293220161614
0.0126933891816005
0.0124628104288146
0.0122400671370864
0.0120247854666479
0.0118166141746906
0.108449446133089
0.0158195645642813
0.0154396017702627
0.0150766580848452
0.0147296560923449
0.0143976051952724
0.171145657399371
0.0156619841401373
0.0152863842062045
0.014927620076402
0.0145846233838252
0.198129588995943
0.0142845080215668
0.013971572185119
0.107425702706063
0.0145769654122224
0.143815130150331
0.0115005384635741
0.0112997963121952
0.0111057286352311
0.010918019798062
0.145322107630481
0.0147103328977672
0.114959162995259
0.0139920506209102
0.0136924370686501
0.0134048917816175
0.0131287251458986
0.0128632978759121
0.193729291708622
0.0121965949410613
0.0119829996223215
0.0117764261444787
0.0115765498904258
0.0113830652818064
0.0111956844416718
0.158302013720523
0.0111367884569292
0.0109487504614683
0.0107667731956845
0.106891219046721
0.0190728590746822
0.018540464921594
0.0180352687388888
0.0175553274437989
0.181368323307463
0.0109472100341269
0.0107663272003496
0.0105911537816545
0.0104214334254045
0.0102569245236783
0.0100973991883926
0.160281797495127
0.0114905428615276
0.0113006485094631
0.0111166768739557
0.0109383677106016
0.0107654753059832
0.121206580402166
0.0133735747451104
0.16609828684609
0.0185897448501192
0.0180829223024154
0.0176014317193904
0.0171435008175615
0.0167075138313531
0.0162919950384713
0.170378331866634
0.0109573533299514
0.0107848031177583
0.0106174026342374
0.0104549351142919
0.0891021477935949
0.015370340837697
0.0150086665725905
0.0146629071946407
0.0143320709539315
0.0140152448903803
0.2285433568911
0.0167094922534637
0.0162976895688063
0.0159046204617496
0.0155290882500817
0.245499681580933
0.0143896926080955
0.0140731691570201
0.013769711277015
0.0134785544181492
0.0131989911272648
0.0129303659143973
0.214258488091094
0.0158353707374215
0.0154661785718636
0.0151129166617534
0.0147746191132695
0.0144503942304323
0.176793906714941
0.117774741500706
0.135000030508811
0.0155641533132076
0.0152015878496032
0.157811817559978
0.0146171315279075
0.0143017441998072
0.0139990204120047
0.0137082441509617
0.0134287507953539
0.0131599226962833
0.144404793208036
0.0107703798110179
0.0106028853569525
0.0104403364895386
0.0102825269853636
0.0101292615709357
0.0099803552238349
0.113004466977089
0.0186674818419342
0.0181603053150137
0.0176783264504099
0.0172197958611574
0.0167831172546603
0.0163668314862264
0.146229713719695
0.0140373651419685
0.013737280499208
0.0134492376819858
0.0131725518304094
0.0129065877896438
0.142483619800939
0.016441943260563
0.0160441158882141
0.0156640540532315
0.0153006439618453
0.117453263244146
0.0136065458398063
0.0133229011156323
0.0130503870821946
0.0127883836877986
0.0125363150182965
0.168699746169314
0.0110592519132985
0.0108735927167785
0.0106938778059399
0.0105198362950201
0.0103512131167821
0.0101877679059593
0.0861417255784422
0.0137663324777795
0.0134854648566122
0.013215301914932
0.0129552680818996
0.0127048271371101
0.175755102120121
0.0153474109302583
0.0149987572924821
0.014664794119227
0.014344650296522
0.0140375202398598
0.113033672657361
0.012936633869501
0.103157866021095
0.0139515580921014
0.0136615286903368
0.0133827619187627
0.0131146403470734
0.148017895405812
0.0103301621816095
0.0101675233030113
0.0100097945594111
0.00985676453165302
0.00970823348627676
0.00956401259351011
0.0836240742872112
0.0130528546995887
0.0128000242075914
0.0125563725244323
0.0123214289573895
0.0120947535404407
0.132762873465398
0.0106233026389316
0.0104586726967532
0.0102988897445154
0.0101437518952476
0.144954384950022
0.009645683231977
0.00950361354757242
0.00936557996461781
0.00923141865601343
0.00910097434433647
0.0985673828486752
0.0134600058776249
0.0131901218006601
0.0129303662541763
0.0126802022713769
0.012439129123299
0.0122066793809751
0.139758054032
0.00928300830782003
0.00915174694998092
0.00902407596512148
0.00889985497203282
0.00877895064966525
0.141240434292264
0.0104495355413798
0.0102905740660013
0.111514252520359
0.0124082162208876
0.0121782383412419
0.0119562869022829
0.0117419653191565
0.102216608831045
0.0133109379898289
0.0130401768479606
0.0127797815202661
0.196992665384598
0.0126385493286001
0.0124015019134167
0.0121728040166206
0.011952039938332
0.156519027683272
0.0164845212559117
0.0160788341990487
0.1356330189212
0.0104800137369036
0.110543856066705
0.0118103998961759
0.011601639446744
0.0113998547900227
0.0112047154569757
0.011015910972232
0.107622588802399
0.113504281697926
0.0138908941264992
0.0135953829844264
0.0133116792844769
0.0130391136554594
0.0127770651894163
0.0125249572145437
0.139055827152733
0.0111452423807334
0.0109592259783635
0.0107791048501755
0.0106046137566874
0.0104355027176653
0.0102715359530446
0.0951100362897116
0.162730645624817
0.00929637382378828
0.00916472567729373
0.00903668156630514
0.00891210045387368
0.00879084840189169
0.126950577411778
0.0165026821808098
0.0160984365497137
0.0157124792813195
0.0153436470720796
0.0149908703907056
0.0146531644363901
0.131278962509461
0.00892255737321172
0.00880145966128334
0.00868354950473421
0.00856870688654419
0.00845681760542384
0.00834777293376541
0.092778956310251
0.0104195116405862
0.0102561595450099
0.112527508062811
0.012885382554163
0.0126299298941185
0.0123840357654221
0.0121471916112855
0.011918923497345
0.0823706386667757
0.00852982634092547
0.00841934610734208
0.00831165152941982
0.00820664206004251
0.00810422182602414
0.00800429936422764
0.120399161128751
0.0149134098113733
0.0145804591395522
0.0142613339736275
0.013955224312677
0.0136613804822664
0.107119000219622
0.011993430252305
0.0117712869524926
0.0115569467616428
0.0113500191925386
0.14964329088527
0.0127316383044641
0.0124903275374155
0.201164654095213
0.0142329784794205
0.0139278885280389
0.0136350092284901
0.0133536496700481
0.0130831687246358
0.15540305796052
0.00822429715231541
0.128413717130564
0.0115259753194082
0.0113342239133025
0.0111484667484201
0.010968439842166
0.0107938939812341
0.010624593730721
0.154608749612825
0.0128038906942958
0.0125615536268667
0.0123278054708948
0.0121022164336874
0.0118843840895733
0.0116739312872162
0.0718783490815215
0.00848151831558179
0.0083727637416987
0.00826672193115873
0.00816329607320341
0.0773346475892973
0.0116858596391825
0.0114750525987342
0.011271467303193
0.0110747511490799
0.0108845736091827
0.144605737034572
0.0117068156777025
0.0115028454127687
0.0113055783616612
0.0111147025422651
0.0109299244995248
0.0107509679807722
0.114151849442526
0.0110381868006762
0.0108501001489504
0.010668121990267
0.161971080172846
0.0110292867246363
0.0108531773083264
0.0106823696675545
0.110920363486697
0.0108919259021751
0.0107097976853345
0.0105334750335542
0.0103626940655396
0.0101972062897396
0.0100367775182789
0.0827372393341313
0.0141158251395647
0.0138150374922301
0.123694907899858
0.00839320053167593
0.00828639806097459
0.00818224020371765
0.00808063322222991
0.120604428121631
0.0137655403595677
0.013479545529307
0.0132046648337304
0.0129402870708489
0.0126858438770152
0.0124408061163394
0.147082366353044
0.00825932790928264
0.00815631452520209
0.00805580409703498
0.00795770958573696
0.00786194784954946
0.117699927280125
0.012681047022659
0.0124379063777464
0.141844587125032
0.00800500689127452
0.00790866901989156
0.00781459637529625
0.00772271270791511
0.0707787320085283
0.0111701939191565
0.0109835547070135
0.010802820436268
0.0106277260315454
0.143546062760233
0.0141373391833366
0.013836776166666
0.0135481353889135
0.013270748423234
0.0130039945555332
0.0127472966928768
0.104982731228974
0.011326995908797
0.0111328559869468
0.01094502082393
0.0107631994338747
0.0939344420492143
0.0127967935916198
0.0125505676448185
0.0123132314205946
0.0120843304377397
0.158511106850519
0.0104025219500858
0.0102353853649192
0.0100733848593276
0.00991629497943018
0.11850397994264
0.0108067876473454
0.0106298412008614
0.010458403047893
0.0102922292140035
0.0101310895666109
0.00997476686610204
0.109263841838472
0.0100571963133193
0.00990126006868577
0.00974995741830939
0.00960309161518545
0.12942133713568
0.118023403623255
0.011467463745111
0.0112765499332662
0.0110916045321443
0.0109123644504546
0.0107385813403052
0.0105700206058224
0.0831135556789871
0.0124098070953793
0.0121783711832453
0.0119550462995983
0.0117394297319668
0.0115311442812446
0.138507034787689
0.0130099609304678
0.0127530557935509
0.0125056735502204
0.0122673136977974
0.0120375093165643
0.0118158243557901
0.114357503889933
0.0106236042931959
0.0104587377962123
0.0102987085467631
0.0101433158550791
0.00999236964329309
0.00984568977049371
0.133474398159566
0.00820199938172251
0.00809992171412153
0.0080003165281245
0.0079030980670409
0.115474713067888
0.011739579519232
0.01153203192765
0.0113314065100549
0.0111373757184738
0.0891393991949538
0.010367070687263
0.0102035622879417
0.0100449712543739
0.00989108686930544
0.0097417099957707
0.0981693577181315
0.0100978076079136
0.00994873463087497
0.00980383955044735
0.101986903085029
0.00984069148483812
0.00969346497762408
0.00955045456140386
0.00941148803642552
0.0991780130541761
0.0122035097916985
0.0119766724922814
0.0117577825080391
0.0115464443511957
0.0113422876995048
0.0111449654647664
0.140152346156447
0.0112617949510609
0.0110702424303342
0.0108848534687599
0.0659643194701041
0.00996352709732077
0.00981848115109919
0.00967744537877017
0.00954026278510474
0.103004355916687
0.0101733690536288
0.0100133242108167
0.00985809582950583
0.00970747677463927
0.0730431508748882
0.00830879737826877
0.00820386436672168
0.0711489054100857
0.0120007671489305
0.155193068673181
0.00958213891341666
0.0094422777433204
0.00930633103315825
0.00917414240126316
0.0090455634907585
0.00892045347069419
0.0968149711212504
0.0114128640523972
0.0112137101632466
0.0110211362058653
0.0108348328146971
0.13220323973053
0.0122261597728892
0.0120052811005718
0.0117918722959779
0.0115855765720582
0.0113860588324126
0.17728387360863
0.0110915739774086
0.0109055112084049
0.010725357797826
0.0105508470155551
0.0103817275370817
0.0858423642300626
0.00902969913192898
0.00890514543096443
0.008783901749336
0.00866584232254285
0.0913046783138858
0.00994774155277275
0.00980298058927522
0.102397682399238
0.00994993782953652
0.00979652455808642
0.00964764220674984
0.00950309941529731
0.00936271521826505
0.00922631836022872
0.0714828872029668
0.00847944947654566
0.00836990555002338
0.00826310186115249
0.00815894031318654
0.114207933792759
0.0104949431543223
0.0103277925401185
0.0101657032885688
0.0100084572285921
0.00985584824037714
0.00970768145073781
0.0634412565914409
0.0100457641185694
0.00989865601993379
0.00975562867221205
0.00961652192809157
0.0998495591973807
0.00933702700967853
0.00920156988115894
0.00906989458143905
0.00894184987865899
0.12094125405745
0.0118794754151623
0.0116705750965259
0.0114685622723365
0.0112731159682574
0.0110839342626156
0.0109007329270075
0.14618778115593
0.00899663310702201
0.00887284497760757
0.00875233710466024
0.00863498519366762
0.00852067100898733
0.00840928201555118
0.097718376985313
0.00911792922279869
0.0089889539005899
0.0088634940077203
0.00874141227445267
0.117486844523025
0.0111128022529319
0.0109296332847508
0.0107521522256974
0.0105801089925832
0.0104132675293765
0.133600472197608
0.0114941012386611
0.0112917989069474
0.0110962292234641
0.0109070733496135
0.104501882473796
0.00859538438008833
0.00848268956388049
0.0083728494241174
0.00826576050829901
0.0744890432228346
0.00892549248276731
0.00880206394270646
0.00868192792687882
0.00856495858874226
0.136610695346092
0.0100594508220911
0.00991169237664114
0.00976804207821518
0.00962833831783891
0.00949242759351188
0.140599359246394
0.0106546562492284
0.0104861215622769
0.0103226244812977
0.0101639515819596
0.0100099009857
0.00986028160716463
0.105098173995271
0.00879652780702498
0.00867704459243318
0.00856069385542498
0.0727300448037317
0.0111683696622396
0.0109773510691366
0.0107925190499552
0.0106135883426037
0.0104402905383543
0.0102723728785761
0.092661166162338
0.00860529881929682
0.00849106690644404
0.00837976558629791
0.00827128713072524
0.00816552891463232
0.00806239312227621
0.0655886135469105
0.00849404119972389
0.00838364295463455
0.00827601765021099
0.00817106559023255
0.00806869169395742
0.115777281573276
0.00985203011759891
0.00971015713629427
0.12474396559496
0.00823064912610597
0.00812743688236801
0.00802673214487978
0.00792844770197203
0.00783250024833779
0.00773881017253484
0.0682013016076195
0.0101471920672646
0.00999360373448924
0.00984442451156143
0.00969947468539141
0.00955858391039236
0.00942159061933439
0.125923516901787
0.0104473963682334
0.0102793553848851
0.0101164570247324
0.00995847675757591
0.00980520263660562
0.00965643444476181
0.0971490485411869
0.007826611528608
0.00773313212763182
0.0076418247341563
0.0075526170075594
0.00746543971349918
0.00738022656176096
0.106703794406201
0.00977906090182207
0.00963167650912344
0.00948853778549235
0.00934946999777483
0.00921430765549838
0.00908289391834983
0.0929869723554055
0.00748399234790225
0.00739862205920277
0.00731515336463986
0.00723352549826525
0.00715368019934459
0.00707556158671049
0.0654645479687717
0.00970008646830532
0.00955932926997292
0.00942245809242843
0.123622794861951
0.00922651367327521
0.00909521612055113
0.00896750437072979
0.00884323834267288
0.0881374669871475
0.00921708881075474
0.00908581201204101
0.00895812421854442
0.00883388503561346
0.00871296113657762
0.097883204392679
0.00845896740495169
0.00834782894881376
0.0082395140018016
0.00813391966835727
0.00803094788916779
0.00793050516478983
0.128599382754736
0.0102976782300494
0.0101426233224585
0.00999196956061409
0.00984554033042201
0.0970683215540386
0.00809845003763227
0.00799686981145852
0.00789776133375771
0.00780103828631277
0.007706618240597
0.0686292588978876
0.00898327771412355
0.00885865415606647
0.0087373541890039
0.00861925094224934
0.0866574330450743
0.00892533762028795
0.00880219810781128
0.00868232611246152
0.00856559749879805
0.008451894204088
0.0880997808408958
0.0100547904669321
0.00990708893310478
0.138307146349186
0.00979746302001398
0.009653914812287
0.00951436177465064
0.00937864588879857
0.00924661713552426
0.1007599897848
0.00782764641796331
0.00773264749994388
0.00763989081845309
0.00754930035941157
0.00746080343622268
0.0627585696905382
0.00742148478283659
0.00733693954702896
0.00725427454728817
0.00717342974122063
0.0831227002933861
0.0953127414893186
0.0671658654864006
0.00878177883967509
0.00866255782778303
0.00854645317851691
0.00843334822420068
0.115350486150401
0.00940880093690339
0.00927630732670803
0.00914736898858321
0.00902185020761181
0.0988430854303863
0.00765800925627116
0.00756741112000671
0.00747890034966496
0.00739240787155702
0.0963211448799783
0.00892588317617184
0.00880337322575031
0.00868409370445958
0.00856792275789892
0.00845474444644781
0.115379610644576
0.00913651059620532
0.00901169583836875
0.00889013697551918
0.00877171312669906
0.126114439390404
0.00861614729347819
0.00850233460293708
0.00839141722379881
0.00828328976140899
0.00817785175955053
0.0838265680821826
0.0103997001352272
0.0102421409281534
0.0100890706330983
0.00994030863471599
0.00979568356910212
0.121421971819554
0.00749251209518593
0.00740633643798419
0.00732209337812296
0.00723972069384141
0.0071591587492902
0.10268358510859
0.0112666786699724
0.0110707435511847
0.0108812526846037
0.0106979040469536
0.145945799743341
0.00765009003533882
0.00755968203620283
0.00747135426234423
0.00738503796617435
0.0983061096952282
0.0108663209206542
0.0106845061015059
0.0105084547582855
0.0103379064807463
0.0101726159479687
0.010012351870919
0.0832246432432292
0.00841287957562746
0.00830429907170339
0.00819842165202631
0.0080951509721968
0.10023611029314
0.00739546043573364
0.0073116235128738
0.0072296409459997
0.00714945384818174
0.00707100574648023
0.00699424246150473
0.0639348687641353
0.00918156169999145
0.00905541307288875
0.00893257037663829
0.00881291031688737
0.0992457832698758
0.0101855346317601
0.0100341450066457
0.00988699273712274
0.00974391020449414
0.00960473823624103
0.1341141658578
0.00898488291199635
0.00886457619943001
0.00874734595300068
0.00863308023332896
0.00852167231962779
0.0964928237226299
0.00976105860243823
0.00962227334302809
0.00948721577137333
0.00935574428708985
0.130573884912238
0.00867963081173301
0.00856772595295805
0.00845858364736253
0.0604801845107312
0.00714502513953493
0.00706666107518138
0.00698997912033997
0.00691492738291373
0.00684145603899049
0.0991066504200196
0.0102576244844175
0.0100947637983493
0.150511006277582
0.00849412559357989
0.00838705481791387
0.0599805918325375
0.00698215602441693
0.00690761830463653
0.00683464110763275
0.006763177474726
0.00669318227294715
0.00662461210857375
0.0994336903610784
0.00920051979915446
0.00906916165758816
0.00894140004934159
0.00881709399796317
0.00869610964124669
0.0852326293345298
0.00853243331515542
0.0084206233775615
0.00831163495060353
0.00820536611283086
0.00810171968317063
0.0870873869377426
0.00872956967829258
0.00861120517714135
0.00849592967743312
0.00838362764025161
0.00827418909582807
0.0825338373264668
0.00793678503953216
0.00783903471760203
0.00774361862682528
0.00765045673710525
0.119135209589416
0.00979188898504457
0.130141472312648
0.00857131320718189
0.00846213987064497
0.00835563034060132
0.00825169208070793
0.117502792806834
0.00820203528449242
0.00809862539403628
0.00799773425863849
0.00789927397152758
0.00780316057946597
0.0802381179737279
0.00997719883176859
0.00983314176258869
0.00969299899219526
0.073944706995234
0.0105866796640289
0.0104139659167973
0.0102465948710151
0.0100843308417807
0.0099269514833537
0.0641420870367844
0.00968081023098803
0.00954510625425968
0.00941299008248606
0.0877513649672089
0.0826116844869048
0.00793062237323355
0.00783322689193025
0.00773814956158918
0.00764531118622541
0.00755463606126378
0.00746605178629373
0.0943220578535387
0.00798934329979664
0.00789118909226838
0.00779536818525158
0.00770180106216536
0.00761041169993438
0.0730250895231762
0.0100132961988783
0.00985832660165891
0.00970792139961887
0.00956188859871954
0.00942004657968543
0.134487046835598
0.00759795739239897
0.00750859900038371
0.00742128378315567
0.00733594463370075
0.00725251729117786
0.113754553548057
0.0096413001679394
0.00950680768051945
0.00937585269762589
0.00924830379947343
0.112741803213358
0.00711306940931413
0.0070350669877911
0.00695873702091945
0.00688402795003779
0.00681089027064589
0.0809228322769155
0.00773789483407976
0.00764571285083057
0.00755566113997041
0.00746766906695016
0.00738166901871057
0.00729759624647944
0.0716124691023064
0.133866380156284
0.00747100425352578
0.00738480620974739
0.0596409110419286
0.00695772702442727
0.00688327064695104
0.00681037473314965
0.00673899225249974
0.00666907800660406
0.00660058854222428
0.0669901698821854
0.00742769884978415
0.00734263266147149
0.00725946266684333
0.00717812815731484
0.00709857093399507
0.109865746488097
0.00954156412963618
0.00940987596428657
0.00928161600907672
0.0091566581955261
0.110814579709288
0.00666758914547921
0.00659923953490308
0.00653226738517623
0.0971396192241737
0.00894257470208356
0.00881807163856325
0.00869689595716395
0.00857892024082384
0.00846402335843228
0.00835209008820174
0.117151237387653
0.0101281998506333
0.00997072210674451
0.142409594696302
0.00897001197934357
0.00884973461636947
0.00873253289259113
0.00861829487085628
0.00850691383463698
0.107764258364153
0.0084766159654336
0.00836479124953027
0.00825580917863475
0.00814956610912318
0.00804596327007896
0.00794490648482993
0.0818052481458704
0.00670825482446525
0.060818975681759
0.00863387456046539
0.00852253629993183
0.11612427233011
0.00758779592014862
0.00749877673320415
0.00741178649371835
0.00732675878349169
0.00724362999147126
0.0823481298102094
0.00807619332632317
0.00797472205738931
0.00787571596440947
0.00777908907268612
0.00768475927692005
0.0778616319006142
0.00746731523961768
0.00738124630924977
0.00729710617604234
0.00721483276029082
0.0953425801615522
0.0103456654163545
0.0101821608095573
0.0100235488513966
0.00986962102112137
0.00972018018918793
0.00957503986495918
0.106180225983369
0.00685503012183748
0.00678278756735628
0.00671203636700287
0.00664273224191238
0.0065748326126476
0.00650829651971614
0.0995217796977764
0.00967342699418147
0.00953776469595544
0.00940568586678028
0.00927705679547948
0.119977566874922
0.00883496214218954
0.00871865123903426
0.00860526059548361
0.00849468588907016
0.00838682757192594
0.113648959308273
0.00743533690017871
0.00734966907717864
0.00726592153941876
0.0817635324435793
0.00786567115815644
0.00776924680043608
0.00767511243647147
0.00758318993341384
0.0787335942982103
0.00672347201609557
0.0930072217005512
0.0098792620707494
0.0097300808765789
0.00958517829061067
0.00944437935885309
0.0611194528051061
0.00952429691322949
0.00939299992139396
0.0092651146546148
0.00914051587524475
0.00901908419932035
0.0710937412685684
0.00945649837628175
0.121137043640168
0.0077304500143238
0.00763746419103313
0.00754664727339426
0.00745792657504653
0.00737123255543084
0.00728649865405917
0.108815803901442
0.00955087317392186
0.00941198841514586
0.00927694415506333
0.00914558900021342
0.12238375886231
0.00762282824299223
0.00753296986118733
0.00744516618479613
0.00735934975341808
0.00727545596562544
0.0619780597934053
0.0875753406435263
0.00911384327003473
0.00899313150476062
0.00887544560596944
0.00876067823394297
0.0886211331858757
0.00749592637624611
0.00740866761047458
0.00732338254003475
0.00724000700249509
0.00715847952991636
0.00707874121106744
0.0752674816736338
0.114218136812712
0.00881552113437644
0.00869945451108194
