0
0
0.693147180559945
0.405465108108164
0.287682072451781
0.22314355131421
1.79175946922805
0.693147180559945
0.405465108108164
0.287682072451781
0.22314355131421
0.182321556793955
1.94591014905531
0.336472236621213
0.287682072451781
0.251314428280906
0.22314355131421
0.200670695462151
1.79175946922805
0.287682072451781
0.251314428280906
0.22314355131421
0.200670695462151
1.79175946922805
0.262364264467491
0.241162056816888
0.22314355131421
0.207639364778245
0.194156014440958
0.182321556793955
1.84582669049833
0.262364264467491
0.241162056816888
0.22314355131421
0.207639364778245
1.73460105538811
0.22314355131421
0.211309093667207
0.200670695462151
0.191055236762709
0.182321556793955
0.174353387144778
1.87180217690159
0.251314428280906
0.23638877806423
0.22314355131421
0.211309093667207
1.70474809223843
0.204794412646013
0.196710294246054
0.189241999638528
0.182321556793955
1.82454929205105
0.245122458032985
0.233614851181505
0.22314355131421
0.213574100298059
0.204794412646013
0.196710294246054
1.75785791755237
0.207639364778245
0.200670695462151
0.194156014440958
0.18805223150294
0.182321556793955
0.176930708159078
1.84582669049833
0.22314355131421
0.215111379616946
0.207639364778245
0.200670695462151
0.194156014440958
1.76358859226136
0.19782574332992
0.192371892647456
0.187211542088146
0.182321556793955
1.81528996663825
0.216223108469636
0.209720530982069
1.69167601067107
0.200670695462151
0.195744577126095
1.74919985480926
0.2295744416445
0.22314355131421
0.217064505237827
0.211309093667207
1.68175857401373
0.212561441983673
0.207639364778245
0.20294084399669
0.198450938723838
1.73460105538811
1.58696505658204
0.213574100298059
0.209091797858559
0.204794412646013
1.70474809223843
0.251314428280906
0.245122458032985
0.239229689065834
0.233614851181505
1.58923520511658
0.218689200964829
0.214409871345455
0.210295408836361
0.206336432997828
0.202524264111474
1.71297859137494
0.2484613592985
1.53393035992596
0.215111379616946
0.211309093667207
0.207639364778245
0.204095356343515
1.70474809223843
0.262364264467491
0.256719846847814
0.251314428280906
0.246133069538908
0.241162056816888
0.23638877806423
1.57553636075842
0.215708572826692
0.212174519943636
1.66915714713572
0.248896047416624
0.244196960512042
0.23967285326542
0.235314086934465
0.231111720963387
1.59393372589814
0.22314355131421
0.219628609206765
0.216223108469636
0.212921997242672
0.209720530982069
0.206614249362999
1.69167601067107
0.242561637171311
0.238411023444998
0.234400705838844
0.230523658611832
1.595049174982
0.216671036808592
0.213574100298059
0.21056476910735
1.67397643357167
0.241162056816888
0.237328186306166
0.233614851181505
0.230016430601972
0.22652764929845
1.6094379124341
0.220061884776802
0.217064505237827
0.214147988405632
0.211309093667207
0.208544751893057
1.68175857401373
0.23638877806423
0.232931557680373
0.2295744416445
0.226313126075489
0.22314355131421
0.220061884776802
1.63413052502447
0.217412876605225
0.214656937436891
0.211970250716085
0.209350229181874
1.67764616246063
1.58562726374038
0.217723483844871
0.215111379616946
0.212561441983673
1.66350513370438
0.241162056816888
0.23795863709935
0.234839591077401
0.231801614057324
1.58696505658204
0.220542769614152
0.218002151813791
0.21551962620355
0.213093215460708
1.66073120682165
0.240141127682781
0.23712979328895
0.234193387500795
0.231329135900649
0.228534399949086
0.225806668733693
1.6094379124341
0.220671362168821
0.218253566020018
0.215888380433038
0.213574100298059
0.211309093667207
0.209091797858559
1.67709656090792
0.233614851181505
0.230905556649699
0.22825865198098
0.225671997667568
0.22314355131421
0.220671362168821
1.62924053973028
0.216223108469636
0.214011067750937
0.211843996060276
0.209720530982069
1.67397643357167
0.228009740965383
0.225550291344775
0.22314355131421
0.220787837621751
0.218481538208398
1.6376087894008
0.21652831219549
0.214409871345455
0.212332635209994
0.210295408836361
0.208297043197215
1.67964217110735
0.22543976357456
0.22314355131421
0.220893831580194
0.218689200964829
0.21652831219549
0.214409871345455
1.65388967500493
0.214775301643693
0.212780764278663
0.210823066926169
0.208901194598667
0.207014169384326
1.68478734967589
0.220990697953109
0.218879152527752
0.216807732865124
0.214775301643693
1.6519975268529
0.213193220461042
0.211309093667207
0.209458098228956
0.207639364778245
0.205852054204149
1.68948062010764
0.221079567093358
0.219053566062685
0.217064505237827
0.215111379616946
1.65025990695436
0.211758229089084
0.209973088124465
0.208217901097534
0.206491917721768
0.204794412646013
1.69377906086785
0.221161390110219
0.21921427317432
0.217301275689981
0.215421505220299
0.213574100298059
0.211758229089084
1.66392609771817
0.210450724515791
0.20875481386211
0.207086114418351
0.205443974214809
0.203827762014918
1.69773051957978
0.217520293759848
1.63974326192943
0.209254439153543
0.207639364778245
0.20604911795491
0.204483128596807
0.20294084399669
1.70137540775979
0.22314355131421
0.221307003506908
0.219500560035709
0.217723483844871
0.215975061835597
0.214254603896964
1.65292302437384
0.208155760348718
1.67843078392105
0.219628609206765
0.217912501896657
0.216223108469636
0.214559807622818
0.212921997242672
0.211309093667207
1.66500776358891
0.213258792081668
0.211696165473859
0.210156355787399
0.208638865111328
1.67612928693277
0.216454563163413
0.214844748499515
0.213258792081668
1.6565846908598
0.213574100298059
0.212058718889717
0.21056476910735
0.209091797858559
0.207639364778245
1.68020698332231
0.218253566020018
0.216671036808592
0.215111379616946
0.213574100298059
1.65504842368615
0.212399012031232
0.210948278220391
0.209517299602445
0.208105673949669
1.6780005838714
1.62860782854182
0.212719033978326
0.211309093667207
0.209917789094949
0.208544751893057
0.207189623371968
0.205852054204149
1.68755569169805
0.22471711576164
0.22314355131421
0.221591960622791
0.220061884776802
0.218552877605611
1.63413052502447
0.210295408836361
0.208958916322253
0.207639364778245
0.206336432997828
0.205049807871511
1.69087824437427
0.22314355131421
0.22163866013479
0.220154012465844
0.218689200964829
0.217243829187021
0.215817511222137
1.64515599503618
0.209350229181874
0.208064444487089
0.20679441331268
0.205539846895962
0.20430046351273
1.69399530046216
1.62113395219729
1.67039861222379
0.226037909340574
0.224581366083837
0.22314355131421
0.221724104659983
0.220322674972568
0.218938920032178
1.63203774435134
0.213828780039662
0.212561441983673
0.211309093667207
0.210071469746857
0.208848311127383
0.207639364778245
1.67917125044878
0.22314355131421
0.221763288845251
0.220400065368459
0.219053566062685
1.63141681915288
0.21161235371502
0.21040452553678
0.209210457010286
0.208029913504162
0.206862665710072
0.205708489492108
1.68739945390381
0.22314355131421
0.221800367767742
0.220473322758331
0.219162126015025
1.63082910241542
0.209554707252313
1.67068153767482
0.22314355131421
0.221835506654194
0.220542769614152
0.219265071985639
0.218002151813791
1.63541339883736
0.213339551217589
1.65455834771457
0.221868853882209
0.220608695711022
0.219362828474304
0.218131009490665
1.63475572041839
0.217064505237827
1.63899671467564
0.221900543074613
1.61938824328727
0.220731004908826
0.219544267284563
0.218370272561552
0.217208815794395
0.216059696425805
1.6430142079677
0.225609643809403
0.224369793037454
0.22314355131421
0.221930694889
0.220731004908826
0.219544267284563
1.6287621852605
0.219628609206765
0.218481538208398
0.217346433629884
0.216223108469636
0.215111379616946
1.64682544450572
1.6094379124341
1.62787161412294
0.227894154072808
0.226687559748939
0.225493728659163
0.224312458519192
0.22314355131421
1.6140782919906
0.22314355131421
0.222012968943924
0.220893831580194
0.219785965619364
1.62745641793678
0.226605759042681
0.22543976357456
0.224285755892987
0.22314355131421
0.222012968943924
0.220893831580194
1.62298213754186
0.22314355131421
0.22203796800646
0.220943330404607
1.62268313918412
0.224260246014285
0.22314355131421
0.22203796800646
1.61828752771108
0.224235850712819
0.22314355131421
0.222061885443469
0.220990697953109
0.219929836711114
1.62667971886861
0.225338941877645
0.224235850712819
0.22314355131421
0.222061885443469
0.220990697953109
0.219929836711114
1.62667971886861
0.22314355131421
0.222084789965968
0.221036068974645
0.219997245624845
0.218968179903729
1.63049132163193
1.6094379124341
0.222106744585769
0.221079567093358
0.220061884776802
0.219053566062685
1.63005719963684
0.227389842195661
0.226313126075489
0.225246601510988
0.224190123884881
1.6094379124341
0.222127807194374
0.221121305933442
0.22012392144049
0.219135529916671
0.218156009803171
0.217185241730579
1.6376087894008
0.227301561462874
0.226247537251801
0.22520328427722
1.60534792718258
0.220183509685733
0.21921427317432
0.218253566020018
0.217301275689981
0.216357291629851
1.64093657949347
0.22825865198098
0.227216876701846
0.226184607889989
1.60140574073684
0.21928998199822
0.218347379050717
0.217412876605225
0.21648637028503
0.215567757505752
0.214656937436891
1.6479041932619
0.229185865770172
0.228156093137754
0.227135572583747
0.226124179452348
1.60156385600319
0.217520293759848
0.216610630272587
0.215708572826692
0.21481402606138
0.213926896209286
1.65087510229827
0.229066569617332
1.590019826577
0.216730336479496
0.215844248832598
0.214965404870317
0.214093715794292
1.65010895216503
0.231971465437775
0.230956091051003
0.229949605783209
0.228951892909957
0.227962837750159
1.59422849377057
0.21684573472722
0.215975061835597
0.215111379616946
0.214254603896964
0.213404651852343
1.65292302437384
0.230806424059779
0.229819780212954
0.228841572428848
0.227871692510156
0.226910034109687
0.225956492690824
1.60200293394658
0.216101268688797
0.215252234606966
0.214409871345455
1.64865862558738
0.228735364579988
0.227783930870712
1.59478563564723
0.217064505237827
0.216223108469636
0.215388234546732
0.214559807622818
0.213737753027334
0.212921997242672
1.65482091828192
0.230523658611832
0.2295744416445
0.228633043598981
1.59141940693142
0.21551962620355
0.214704682668345
0.21389590239255
0.213093215460708
1.65404221867085
0.231329135900649
0.230389959834977
0.229458412172884
0.228534399949086
1.5917383353347
0.215646639900031
0.214844748499515
0.214048821408327
0.213258792081668
0.212474594964642
0.211696165473859
1.65986876606099
0.231182897873627
0.230261019083074
0.229346495438818
0.22843923888892
1.59204616972223
0.214196765324404
0.213419001422215
0.212646886508867
0.211880359035499
0.211119358347408
0.210363824667811
1.66546574390376
0.23104179333845
0.23013658680518
0.229238476581706
0.228347379189237
0.227463212458726
0.226585895505182
1.59921635836256
0.212813701812633
0.212058718889717
0.211309093667207
0.21056476910735
0.209825688982061
1.66770682055808
0.229134155451367
0.22825865198098
0.227389842195661
0.22652764929845
0.225671997667568
0.22482281283393
1.60609901116859
0.212231517863227
0.211492934094235
0.210759492114488
0.210031138221715
0.20930781946156
1.66986965161902
0.22731892272469
0.226471341406884
0.225630083884215
0.224795079352683
1.60615383723291
0.211671150151973
0.210948278220391
1.66282578585216
0.227250333266863
1.59645071690729
0.213283782397921
0.212561441983673
0.211843996060276
0.211131394866206
1.66200024252496
0.229679522293995
1.58696505658204
0.213431110378605
0.212719033978326
0.212011710945366
0.211309093667207
0.210611135167402
1.66416281212335
0.232083066353018
0.231240761546829
0.230404575551257
0.2295744416445
0.228750294075446
0.227932068046007
1.59368955546596
0.21287200099238
0.212174519943636
0.211481611566367
1.66042346716697
0.230289274455128
0.229472686365857
0.228661894052657
0.227856835766308
1.59393372589814
0.213712940978601
0.213020543682761
0.212332635209994
0.211649171888475
0.210970110613113
0.210295408836361
1.665417180176
0.23017757797159
0.229374101064846
0.228576238327437
0.227783930870712
0.2269971206302
1.59724263934028
0.212486256840222
1.6560936040749
0.229278539881726
0.22849320106145
0.227713247004275
0.226938622282761
0.226169272230747
0.225405142930266
1.60344987058948
0.214656937436891
0.213978876664646
0.213305102313922
0.212635573715795
1.65542302567592
0.227644684195001
0.226881873424817
0.226124179452348
0.225371550750523
0.224623936484644
1.60649240220434
0.214775301643693
0.214106298288268
0.213441465507759
0.212780764278663
1.65477145373562
0.226826796730506
0.22608041098752
0.225338941877645
0.22460234077787
0.223870559706827
0.22314355131421
1.61233227046046
0.214890409557489
0.214230225247783
0.213574100298059
0.212921997242672
0.212273879077306
1.65686660600521
1.6008295378975
1.64540306112762
0.228184973587136
0.22745080851179
1.59525327744214
0.217064505237827
0.216409519132866
0.215758489216749
0.215111379616946
0.21446815489494
0.213828780039662
1.65025990695436
0.2295744416445
0.228841572428848
0.228113387599551
0.227389842195661
0.226670891832178
0.225956492690824
1.60106966276358
0.215856337880525
0.215217486041789
0.214582419012176
0.213951103130046
0.213323505133234
0.212699592153126
1.65496116745818
0.22804380613205
0.227330577668426
0.226621815690535
0.225917478196935
0.225217523713339
1.60394339311646
0.2146937122829
0.214070255108535
0.21345042210855
0.212834181655349
1.65435959982561
0.227272944656221
0.226574086410999
0.225879531133085
0.225189239037503
0.224503170830249
1.60673155083636
0.21480214908312
0.214186357710193
0.213574100298059
0.212965346398454
0.212360065913182
0.211758229089084
1.65886279576162
0.22652764929845
0.225842608283375
0.225161715470447
0.224484933138411
0.223812224023846
1.6094379124341
0.213694662116277
0.213093215460708
0.212495157557175
0.211900459740029
0.211309093667207
1.66073120682165
0.225806668733693
1.60151184716168
0.21321791151424
0.212626906289284
0.212039180579975
0.211454707063897
1.66008164525286
0.227783930870712
0.227109187707557
0.226438447211062
0.225771673720479
0.225108831999164
0.224449887228265
1.60683713073404
0.213339551217589
0.212755434677223
0.212174519943636
0.211596780665739
0.211022190781865
1.66188438780664
0.226395586700587
0.225737586491256
0.225083416132036
0.224433042144081
1.60687051692885
0.212880859369083
0.212306599984332
0.211735442000248
0.211167360267494
0.210602329908902
1.66363836933178
0.226353826944458
0.225704372175883
0.225058649250309
0.224416625961008
0.223778270472301
0.22314355131421
1.61196635878746
0.212435537041738
0.211870812541687
0.211309093667207
0.210750356398865
0.210194576973407
1.6653455443724
0.22503450680991
0.224400622504261
1.60693478221598
0.212003008066018
0.211447511551018
0.210894929238011
0.2103452381709
1.66467404090936
0.226273444323137
0.225640431512797
0.225010965489005
1.60448740727424
0.212132138981158
0.211582728913134
0.211036167901321
0.210492433760651
1.66401848073824
0.226863332416742
0.226234743883883
1.59963391233748
0.212258310634539
1.65650542329209
0.228069669650266
0.227441992074424
0.226817774676094
0.2261969888011
0.225579606112091
1.60218274155293
1.64682544450572
0.227389842195661
0.226773319364788
0.226160144853635
0.225550291344775
0.224943731818358
0.224340439548056
1.60705412107882
0.216302019497493
0.215750853443149
0.215202499941397
0.214656937436891
0.214114144594816
0.213574100298059
1.65091851355482
1.5976034547871
0.215291576031524
0.214751893677961
0.214214920569908
0.213680636280688
0.213149020589214
1.65267559148875
0.228502301857315
0.227894154072808
0.227289248693916
0.226687559748939
0.226089061543967
0.225493728659163
1.60243671697512
0.214844748499515
0.214313471865938
0.21378482624974
0.213258792081668
0.212735349986778
0.212214480782019
1.6565846908598
0.22724071829828
0.226646181865412
1.59787709003302
0.213886746853677
0.213366178475915
0.21284814745311
0.212332635209994
0.211819623352833
1.65822807660353
0.228377642937808
0.227783930870712
0.22719331097113
0.226605759042681
0.226021251141825
0.22543976357456
1.60259638061738
0.213471256671702
0.212958526255844
0.212448262197462
0.211940446677635
0.21143506204931
1.65983192618551
0.227146988174019
0.226566258591712
0.225988503446441
0.225413699848749
1.60267351234556
0.213066563363853
0.212561441983673
1.65504842368615
0.227101713111839
0.22652764929845
0.225956492690824
0.225388221168034
0.22482281283393
1.60498356208472
0.214179610458854
1.64823588197508
0.226489901341554
0.225925194276087
0.225363308052523
0.22480422149935
0.224247913657263
0.223694363776497
1.6094379124341
0.215786713088501
0.215279814853995
0.214775301643693
0.214273156600557
0.213773363026625
0.213275904381133
1.6519975268529
0.225338941877645
0.224786037311713
0.224235850712819
0.223688362005975
1.6094379124341
0.214861930482488
0.214364770432154
0.213869914528881
0.213377346731266
0.212887051147021
1.65360913074724
0.225315104827718
0.224768247041212
0.224224048447964
0.22368248961882
0.22314355131421
0.22260721448183
1.61372976451564
0.214454511213329
0.213964496555213
0.21347672457375
1.65111060883467
0.224212498503115
0.223676742475869
0.22314355131421
1.61156331174641
0.21502991654004
0.214542435805118
0.214057168758252
0.213574100298059
0.213093215460708
0.212614499418358
1.65471313449609
0.224733798137545
0.224201192872345
1.60733043009454
0.214147988405632
0.213669533804836
0.213193220461042
0.212719033978326
1.65425192822389
0.225778598952215
0.225246601510988
0.22471711576164
0.224190123884881
0.223665608230269
0.22314355131421
1.61151907863792
0.214237010498007
0.213763082628774
0.213291254871198
0.212821513244664
0.21235384389283
1.6557704690751
0.224700779762816
0.224179284187742
1.60737392821325
0.213854802054288
0.213387376368845
0.212921997242672
0.212458651214193
1.6553083665002
0.225724197907701
0.22520328427722
0.224684779464143
0.224168666729455
1.6073950108043
0.213944745224467
0.213481640402473
0.213020543682761
0.212561441983673
0.212104322337345
0.211649171888475
1.65870896144088
0.225697831119306
0.225182288004058
0.224669104623047
0.224158264744756
1.60741566705333
0.213117208070985
0.212662273846627
0.212209285018645
0.211758229089084
1.65822807660353
0.225671997667568
0.225161715470447
0.224653745409438
0.224148071740215
1.60743590976343
0.213212043813293
0.212761202271992
0.212312270477637
0.211865236276503
0.211420087618151
0.210976812554331
1.66152297250038
0.225646681532328
0.225141553976883
0.22463869238516
0.224138081480718
1.60745575123011
1.65354861088157
0.225621867328677
0.225121791326315
0.224623936484644
0.224128287976749
0.223634831107928
0.22314355131421
1.61139677691943
0.214287748856447
0.213841158651896
0.213396433068312
0.21295356040846
0.2125125290731
1.65498658267936
0.224609468996706
0.224118685472416
0.22363005095893
0.22314355131421
0.22265917252053
0.222176900683115
1.61524625402985
0.213926896209286
0.213486083750891
0.2130470910632
0.212609906858764
0.212174519943636
0.211740919216398
1.65822807660353
0.22362536293519
0.22314355131421
0.222663819954565
0.222186155357882
1.61519056492355
0.213138920344283
0.21270551690288
0.212273879077306
0.211843996060276
1.65777445899539
0.223620764398904
0.22314355131421
0.222668379055328
0.222195234505351
0.221724104659983
1.61702808170078
0.213229094257031
0.212799406908766
0.212371454332299
1.65552901963437
0.22314355131421
0.222672852317522
0.222204143072274
0.22173741093722
1.61695674484813
0.213745406508328
0.213317657162919
0.212891622878633
0.212467293322868
0.212044658246161
0.211623707481348
1.65867301543179
0.22314355131421
0.222677242142785
0.222212885821257
1.61502972569988
0.21298220918874
0.212561441983673
0.212142340252236
0.211724894088998
1.65822807660353
0.223607480805249
0.22314355131421
0.222681550843992
0.222221467339241
1.61497809280972
0.213071208660606
0.21265394464319
1.65428847859945
0.223603215767258
1.6094379124341
0.213991166659362
0.213574100298059
0.213158662628506
0.212744844093311
0.212332635209994
0.211922026570245
1.65736190071568
0.224976732395871
0.224515607326391
0.224056376571569
0.223599028434359
1.6094379124341
0.21324461100348
0.212834181655349
0.212425335094186
0.212018062147807
0.21161235371502
1.65865698503816
0.224960082240608
0.224503170830249
0.224048119444637
0.223594916702148
0.22314355131421
1.61123809293825
0.212921997242672
0.212516458739924
0.212112467881936
0.211710015793455
1.65822807660353
0.224490957761044
0.224040010361247
1.60765060186
0.213008329420167
0.212606046011424
0.212205284914642
0.21180603747309
0.211408295095789
0.211012049256884
1.66117358683329
0.225378189115626
0.224927673107711
0.224478962151437
0.224032045375325
1.60766643278572
0.212296553014749
0.211900459740029
0.211505847234
0.211112707177966
0.210721031315653
0.210330811452618
1.66405899691433
0.225358391643763
0.224911898370952
0.224467178244718
0.224024220679803
1.60768198573184
0.211601790874038
0.211211708459943
0.210823066926169
0.210435858274794
1.66359666269625
0.225338941877645
0.224896400141624
0.224455600485593
0.224016532600555
0.223579186259021
0.22314355131421
1.61117553233264
0.211696165473859
0.211309093667207
0.210923439979434
0.210539196602905
0.210156355787399
0.209774909839583
1.66640473704078
0.224444223511451
0.224008977590639
0.223575423486761
0.22314355131421
1.61116056574555
0.211022190781865
0.210640867782001
0.210260925483196
0.209882356372826
0.209505152992867
1.66754554324138
0.224433042144081
0.224001552224846
0.22357172515933
0.22314355131421
1.61114585477926
0.210740911833739
0.210363824667811
0.209988089512093
0.209613699081962
1.66706702527074
0.224422051381817
0.223994253194523
0.223568089635169
0.22314355131421
1.61113139294043
0.210839367508915
0.210465093054439
0.210092149917676
0.209720530982069
0.209350229181874
1.66818236942968
0.224411246392073
0.223987077302649
0.223564515328004
0.22314355131421
0.222724176177009
0.222306380901146
1.6144672608391
0.21056476910735
0.210194576973407
0.209825688982061
1.66613325611065
0.223561000704534
0.22314355131421
0.222727664429446
0.222313331258221
0.221900543074613
0.221489291218183
1.6177367152488
0.211031662676386
0.210662890090601
0.210295408836361
0.209929212118052
0.209564293187829
0.209200645345197
1.66879775809322
0.222731095131831
0.222320167159005
0.221910758883577
0.22150286185675
0.221096467692485
1.61930641357485
0.210394682484253
0.210031138221715
1.66522927206252
0.222326891407654
0.221920808141691
0.221516211654834
0.221113093763828
0.220711446345597
0.220311261336698
1.62246741272443
0.211218039717679
0.210854610179858
0.210492433760651
0.21013150396638
0.20977181434832
0.209413358502308
1.66786020655424
0.221529345959669
0.221129451942508
0.220731004908826
0.220333996987661
0.219938420365261
0.219544267284563
1.62556729436398
0.210588697418132
0.210230344911031
0.209873214393313
0.209517299602445
0.209162594318766
0.208809092365122
1.67044196889747
0.220750251408369
0.220356370533181
0.21996389839683
0.219572827425081
0.219183150098113
0.21879485895003
1.62860782854182
0.209973088124465
0.209619678780884
0.209267461428144
0.208916430024078
0.208566578567437
0.208217901097534
1.67297593323809
0.219988974565694
0.219600937886703
0.21921427317432
1.62688482603782
0.209370767069142
0.209022172096999
0.208674740194293
0.208328465529069
1.6724872300202
0.220400065368459
0.220013658305282
0.219628609206765
0.219244910898552
0.218862556256934
1.62830639673848
0.209472545859905
0.209126353899823
0.208781308490326
0.208437403924514
0.208094634533433
0.207752994685758
1.6749602014818
0.220037958756057
0.219655851595924
0.219275074536289
0.218895620616713
1.62815920804231
0.208886318405782
0.208544751893057
0.208204304627178
0.207864971096178
0.207526745824356
1.67592765370293
0.220061884776802
0.219682674950723
0.219304775007044
0.218928178143646
1.62801429800704
0.208650544011643
0.208312387798601
0.207975329841038
0.207639364778245
0.207304487284464
1.67687919322963
0.220085444955389
0.219709088865575
1.62482283127358
0.208418918244974
0.208084105723979
0.207750371050213
0.207417709008746
0.207086114418351
1.67781520987884
0.220859576206379
0.220483469943248
0.220108647619056
0.219735102644208
0.219362828474304
1.6262193893961
0.208191332557341
0.20785979903462
0.207529323512659
0.207199900917074
1.67731056383344
1.62006823273586
1.67113148143944
0.222012968943924
0.22163866013479
0.22126561649001
0.220893831580194
1.61998812332925
0.209720530982069
0.209389146502032
0.209058811432471
0.208729520778503
1.67068153767482
0.222021426640639
0.221649899057426
0.221279617876147
0.220910576809897
1.6199092123014
0.209814697374153
0.209485485734777
0.20915730933947
0.208830163295141
0.208504042739598
1.67164162046338
0.222029758735731
0.221660971353987
0.221293412026048
0.220927074603318
1.61983147296136
0.209580484766589
0.209254439153543
0.208929410108734
0.208605392868183
0.208282382697732
1.67258657928262
0.22203796800646
0.221671880702753
0.221307003506908
0.220943330404607
0.220580855421481
1.62122008113236
0.209350229181874
0.209027290053093
0.208705349315814
0.208384402330668
0.208064444487089
1.67351676911862
0.221682630674535
0.221320396752695
0.220959349499369
0.220599483069435
1.62113395219729
0.209123831173209
0.208803940633754
0.208485030790588
0.208167097124652
1.67306360831431
0.221693224736563
0.22133359606897
0.220975137020386
0.220617841871235
0.220261704939321
0.219906720579521
1.62393091973667
0.209219060752053
0.208901194598667
0.208584296341022
0.208268361549166
1.67261681405563
0.220990697953109
0.220635937605425
0.220282319033178
0.219929836711114
0.219578485149714
0.2192282588949
1.62667971886861
0.209313005336274
0.208997138238705
0.208682226485023
0.208368265732055
1.67217625306752
0.220302640312606
0.219952625011601
0.219603724609086
0.21925593376549
0.218909247175421
1.62797016056303
0.209405690760879
0.209091797858559
0.208778847990574
0.208466836898277
0.208155760348718
1.67308317759446
0.219975092405797
0.219628609206765
0.219283220147231
0.218938920032178
1.62783899780499
0.209185199063503
0.208874186914979
0.208564101551053
1.67131331615219
0.219997245624845
0.219653146374441
0.219310126163295
0.218968179903729
0.218627302540125
1.62910146734288
0.209587384054238
0.209277366782483
1.66823817019863
0.219677343337723
0.219336659711954
1.62619808129157
0.210295408836361
0.209985466736699
0.209676440243322
0.209368325290306
0.209061117835854
0.20875481386211
1.67047380302047
0.2203811186183
0.220040635533805
0.219701207123237
0.219362828474304
0.219025494705292
1.62745641793678
0.209764333956298
0.209458098228956
0.209152758599861
0.208848311127383
0.208544751893057
1.67136887016459
0.220061884776802
0.219724744565424
0.219388639921682
0.219053566062685
0.218719518235065
1.62869572903851
0.209546708628077
0.209243214360219
0.208940601136216
0.208638865111328
1.67095463114275
0.219747962313072
1.6244963763083
0.209634178924678
0.209332507954501
0.209031707121528
0.208731772652906
1.67054589847488
0.220771874783238
0.220437189716467
0.220103521950476
0.21977086683557
0.219439219750457
1.62574262145904
0.209720530982069
0.209420661637178
0.209121651723891
1.6688613329049
0.220455377652409
0.22012392144049
0.219793464428928
0.219464002088312
0.219135529916671
1.62697039119574
0.21010472769551
0.209805786108085
0.209507697098111
1.66719674658629
1.6215267097531
0.210485154442286
0.210187136857043
0.209889965072613
0.209593635480344
0.209298144492157
0.209003488540397
1.66935166182219
0.221478271995149
0.221148206455314
0.220819127222654
0.220491029865079
0.220163909977115
1.62277144330357
0.209973088124465
0.209678497397229
0.209384735142782
0.209091797858559
0.208799682061781
1.67021938469396
0.221161390110219
0.220834462377951
0.220508503676205
0.220183509685733
0.21985947611302
1.62399806376543
0.209762302948908
0.209470249414
0.209179010963837
0.208888584178676
1.66982877105159
0.220849596515051
0.220525748772131
0.220202853230309
0.219880905679393
0.219559901934073
1.62520696455233
0.209845071738192
0.209554707252313
0.209265148142132
0.20897639104943
0.208688432634697
0.208401269577006
1.67191839621222
1.6199092123014
0.209350229181874
0.209063122790096
1.66906241876924
0.221844005972124
0.221521490942342
0.221199916105639
0.22087927734018
0.220559570548285
0.220240791656248
1.62242510796091
0.210007575045303
0.209720530982069
0.209434273389176
0.209148799027099
0.20886410467414
1.66990973418912
0.221212427444039
0.220893831580194
0.220576155808964
0.220259396134347
1.62234131727001
0.209801934376636
0.209517299602445
0.209233438912039
1.66831527813693
0.221224778739587
0.22090819991239
0.220592529522604
0.220277763649967
0.21996389839683
0.219650929887993
1.62480313149816
0.210166154761446
0.209882356372826
1.66552737908514
0.220608695711022
0.220295898701698
0.219983991023841
0.219672968874962
0.219362828474304
1.62596721438531
0.21081071339275
0.21052698263868
0.210244017413578
0.209961814612145
0.209680371145916
0.209399683943141
1.6675866354729
0.220313805674972
1.62209630930602
0.210320951294313
0.210040326315783
1.66483669182389
0.221260902499593
0.22095022441268
0.220640421096091
0.220331488845605
0.220023423977966
1.62326591404139
0.210957340172427
0.21067678254908
0.210396972923387
0.210117908297054
0.209839585687847
1.66568745775272
0.220963883628895
0.220655987842408
0.220348952383194
0.220042773635962
1.6231795402864
0.210750356398865
0.210472098431065
0.210194576973407
0.209917789094949
0.209641731880338
0.209366402429705
1.66770682055808
0.220977373769048
0.220671362168821
0.220366200354402
0.220061884776802
0.219758411906844
0.219455778235025
1.62555729431398
0.210270348378004
0.209995078470704
0.209720530982069
0.209446703061646
1.66735518250722
0.220383236726109
0.220080761783664
0.219779119328855
0.219478305915914
0.219178318118137
1.62667971886861
0.2103452381709
0.210071469746857
0.209798415634938
1.6658415833654
0.220099408932982
0.219799574949921
0.219500560035709
0.219202360825384
1.62657419467709
0.21069225392317
1.66201872117749
0.220117830397673
0.219819783335115
0.219522545547257
0.219226113729406
1.62646995432853
0.211582728913134
0.211309093667207
0.211036167901321
0.210763948849618
0.210492433760651
1.66286307910768
0.220136030250254
1.62276336703125
0.211377021527845
0.211105572754731
0.210834822849685
0.21056476910735
0.210295408836361
0.210026739359261
1.6648439500084
0.221042394905585
0.220745468630197
0.220449342230518
0.220154012465844
1.62268313918412
0.210904889943029
0.210636281961816
0.210368359825487
0.21010112090103
0.209834562568942
1.66565880527857
1.61783628213293
0.210706986273201
0.210440487057956
0.210174663596595
0.209909513312784
1.6653313881872
0.222248963510401
0.221952365944057
0.221656562192631
